municipio;ano_previsao;previsao_mortes;margem_erro (k);previsao_min;previsao_max;correlacao_temporal (r);erro_padrao (se);fator_penalidade (f(r));n_anos_dados
ACEGUA;2022;1;2.958;0;4;0.0931;1.1832;2.5;4
ACEGUA;2023;0;2.958;0;3;0.0931;1.1832;2.5;4
ACEGUA;2024;0;2.958;0;2;0.0931;1.1832;2.5;4
AGUA SANTA;2022;1;2.3238;0;3;-0.574;1.1619;2.0;4
AGUA SANTA;2023;0;2.3238;0;2;-0.574;1.1619;2.0;4
AGUA SANTA;2024;0;2.3238;0;1;-0.574;1.1619;2.0;4
AGUDO;2022;2;2.9047;0;4;-0.8603;1.9365;1.5;4
AGUDO;2023;0;2.9047;0;2;-0.8603;1.9365;1.5;4
AGUDO;2024;0;2.9047;0;0;-0.8603;1.9365;1.5;4
AJURICABA;2022;0;0.9682;0;1;0.3333;0.3873;2.5;4
AJURICABA;2023;1;0.9682;0;2;0.3333;0.3873;2.5;4
AJURICABA;2024;1;0.9682;0;2;0.3333;0.3873;2.5;4
ALECRIM;2022;1;1.5492;0;2;-0.6443;0.7746;2.0;4
ALECRIM;2023;0;1.5492;0;2;-0.6443;0.7746;2.0;4
ALECRIM;2024;0;1.5492;0;2;-0.6443;0.7746;2.0;4
ALEGRETE;2022;26;11.9896;14;38;-0.3735;4.7958;2.5;4
ALEGRETE;2023;25;11.9896;13;37;-0.3735;4.7958;2.5;4
ALEGRETE;2024;24;11.9896;12;36;-0.3735;4.7958;2.5;4
ALEGRIA;2022;0;1.479;0;2;-0.0321;0.5916;2.5;4
ALEGRIA;2023;0;1.479;0;2;-0.0321;0.5916;2.5;4
ALEGRIA;2024;0;1.479;0;1;-0.0321;0.5916;2.5;4
ALMIRANTE TAMANDARE DO SUL;2022;0;0.0;0;0;;0.0;2.5;4
ALMIRANTE TAMANDARE DO SUL;2023;0;0.0;0;0;;0.0;2.5;4
ALMIRANTE TAMANDARE DO SUL;2024;0;0.0;0;0;;0.0;2.5;4
ALPESTRE;2022;3;3.6228;0;6;0.1967;1.4491;2.5;4
ALPESTRE;2023;3;3.6228;0;7;0.1967;1.4491;2.5;4
ALPESTRE;2024;4;3.6228;0;7;0.1967;1.4491;2.5;4
ALTO FELIZ;2022;0;1.479;0;2;0.2928;0.5916;2.5;4
ALTO FELIZ;2023;0;1.479;0;2;0.2928;0.5916;2.5;4
ALTO FELIZ;2024;0;1.479;0;1;0.2928;0.5916;2.5;4
ALVORADA;2022;53;56.6982;0;109;-0.0334;22.6793;2.5;4
ALVORADA;2023;30;56.6982;0;87;-0.0334;22.6793;2.5;4
ALVORADA;2024;7;56.6982;0;64;-0.0334;22.6793;2.5;4
AMARAL FERRADOR;2022;0;1.1832;0;1;0.5044;0.5916;2.0;4
AMARAL FERRADOR;2023;0;1.1832;0;1;0.5044;0.5916;2.0;4
AMARAL FERRADOR;2024;0;1.1832;0;1;0.5044;0.5916;2.0;4
AMETISTA DO SUL;2022;2;5.2142;0;7;-0.3107;2.0857;2.5;4
AMETISTA DO SUL;2023;2;5.2142;0;7;-0.3107;2.0857;2.5;4
AMETISTA DO SUL;2024;2;5.2142;0;7;-0.3107;2.0857;2.5;4
ANDRE DA ROCHA;2022;0;0.0;0;0;;0.0;2.5;4
ANDRE DA ROCHA;2023;0;0.0;0;0;;0.0;2.5;4
ANDRE DA ROCHA;2024;0;0.0;0;0;;0.0;2.5;4
ANTA GORDA;2022;1;1.1832;0;2;0.5443;0.5916;2.0;4
ANTA GORDA;2023;1;1.1832;0;2;0.5443;0.5916;2.0;4
ANTA GORDA;2024;0;1.1832;0;2;0.5443;0.5916;2.0;4
ANTONIO PRADO;2022;3;2.4698;0;5;0.9143;2.4698;1.0;4
ANTONIO PRADO;2023;2;2.4698;0;5;0.9143;2.4698;1.0;4
ANTONIO PRADO;2024;2;2.4698;0;4;0.9143;2.4698;1.0;4
ARAMBARE;2022;0;0.7906;0;1;-0.1319;0.3162;2.5;4
ARAMBARE;2023;0;0.7906;0;1;-0.1319;0.3162;2.5;4
ARAMBARE;2024;0;0.7906;0;0;-0.1319;0.3162;2.5;4
ARARICA;2022;1;0.0;1;1;;0.0;2.5;4
ARARICA;2023;1;0.0;1;1;;0.0;2.5;4
ARARICA;2024;1;0.0;1;1;;0.0;2.5;4
ARATIBA;2022;1;4.3301;0;5;-0.019;1.7321;2.5;4
ARATIBA;2023;0;4.3301;0;4;-0.019;1.7321;2.5;4
ARATIBA;2024;0;4.3301;0;3;-0.019;1.7321;2.5;4
ARROIO DO MEIO;2022;1;2.9047;0;4;-0.4254;1.1619;2.5;4
ARROIO DO MEIO;2023;1;2.9047;0;4;-0.4254;1.1619;2.5;4
ARROIO DO MEIO;2024;2;2.9047;0;4;-0.4254;1.1619;2.5;4
ARROIO DO PADRE;2022;0;2.958;0;3;0.0;1.1832;2.5;4
ARROIO DO PADRE;2023;0;2.958;0;3;0.0;1.1832;2.5;4
ARROIO DO PADRE;2024;0;2.958;0;3;0.0;1.1832;2.5;4
ARROIO DO SAL;2022;4;5.534;0;10;0.2152;2.2136;2.5;4
ARROIO DO SAL;2023;4;5.534;0;10;0.2152;2.2136;2.5;4
ARROIO DO SAL;2024;4;5.534;0;10;0.2152;2.2136;2.5;4
ARROIO DO TIGRE;2022;2;1.1832;1;3;0.5555;0.5916;2.0;4
ARROIO DO TIGRE;2023;2;1.1832;1;4;0.5555;0.5916;2.0;4
ARROIO DO TIGRE;2024;2;1.1832;1;4;0.5555;0.5916;2.0;4
ARROIO DOS RATOS;2022;9;10.9402;0;20;0.2086;4.3761;2.5;4
ARROIO DOS RATOS;2023;13;10.9402;2;24;0.2086;4.3761;2.5;4
ARROIO DOS RATOS;2024;16;10.9402;6;27;0.2086;4.3761;2.5;4
ARROIO GRANDE;2022;4;7.1151;0;11;0.4379;2.846;2.5;4
ARROIO GRANDE;2023;3;7.1151;0;10;0.4379;2.846;2.5;4
ARROIO GRANDE;2024;2;7.1151;0;10;0.4379;2.846;2.5;4
ARVOREZINHA;2022;4;7.3314;0;12;-0.4115;2.9326;2.5;4
ARVOREZINHA;2023;6;7.3314;0;13;-0.4115;2.9326;2.5;4
ARVOREZINHA;2024;7;7.3314;0;14;-0.4115;2.9326;2.5;4
AUGUSTO PESTANA;2022;0;0.5809;0;1;-0.8389;0.3873;1.5;4
AUGUSTO PESTANA;2023;0;0.5809;0;0;-0.8389;0.3873;1.5;4
AUGUSTO PESTANA;2024;0;0.5809;0;0;-0.8389;0.3873;1.5;4
AUREA;2022;1;2.5981;0;4;-0.8315;1.7321;1.5;4
AUREA;2023;1;2.5981;0;4;-0.8315;1.7321;1.5;4
AUREA;2024;1;2.5981;0;4;-0.8315;1.7321;1.5;4
BAGE;2022;18;13.7159;5;32;-0.2224;5.4863;2.5;4
BAGE;2023;16;13.7159;2;30;-0.2224;5.4863;2.5;4
BAGE;2024;14;13.7159;0;27;-0.2224;5.4863;2.5;4
BALNEARIO PINHAL;2022;7;13.8969;0;21;0.3832;5.5588;2.5;4
BALNEARIO PINHAL;2023;6;13.8969;0;20;0.3832;5.5588;2.5;4
BALNEARIO PINHAL;2024;4;13.8969;0;18;0.3832;5.5588;2.5;4
BARAO;2022;1;4.4371;0;5;0.2462;1.7748;2.5;4
BARAO;2023;0;4.4371;0;5;0.2462;1.7748;2.5;4
BARAO;2024;0;4.4371;0;4;0.2462;1.7748;2.5;4
BARAO DE COTEGIPE;2022;1;0.7906;0;1;-0.0525;0.3162;2.5;4
BARAO DE COTEGIPE;2023;1;0.7906;0;2;-0.0525;0.3162;2.5;4
BARAO DE COTEGIPE;2024;2;0.7906;1;2;-0.0525;0.3162;2.5;4
BARAO DO TRIUNFO;2022;2;3.6657;0;6;0.0621;1.4663;2.5;4
BARAO DO TRIUNFO;2023;1;3.6657;0;5;0.0621;1.4663;2.5;4
BARAO DO TRIUNFO;2024;0;3.6657;0;4;0.0621;1.4663;2.5;4
BARRA DO GUARITA;2022;2;1.7321;0;4;0.6625;0.866;2.0;4
BARRA DO GUARITA;2023;2;1.7321;1;4;0.6625;0.866;2.0;4
BARRA DO GUARITA;2024;3;1.7321;1;5;0.6625;0.866;2.0;4
BARRA DO RIBEIRO;2022;4;4.3301;0;8;0.1575;1.7321;2.5;4
BARRA DO RIBEIRO;2023;2;4.3301;0;6;0.1575;1.7321;2.5;4
BARRA DO RIBEIRO;2024;0;4.3301;0;4;0.1575;1.7321;2.5;4
BARRA DO RIO AZUL;2022;0;0.8874;0;1;0.8268;0.5916;1.5;4
BARRA DO RIO AZUL;2023;0;0.8874;0;1;0.8268;0.5916;1.5;4
BARRA DO RIO AZUL;2024;0;0.8874;0;1;0.8268;0.5916;1.5;4
BARRA FUNDA;2022;0;0.0;0;0;;0.0;2.5;4
BARRA FUNDA;2023;0;0.0;0;0;;0.0;2.5;4
BARRA FUNDA;2024;0;0.0;0;0;;0.0;2.5;4
BARRACAO;2022;2;3.3072;0;5;0.2932;1.3229;2.5;4
BARRACAO;2023;2;3.3072;0;5;0.2932;1.3229;2.5;4
BARRACAO;2024;2;3.3072;0;6;0.2932;1.3229;2.5;4
BARROS CASSAL;2022;3;0.9682;2;4;-0.0263;0.3873;2.5;4
BARROS CASSAL;2023;4;0.9682;3;5;-0.0263;0.3873;2.5;4
BARROS CASSAL;2024;4;0.9682;3;5;-0.0263;0.3873;2.5;4
BENJAMIN CONSTANT DO SUL;2022;0;0.0;0;0;;0.0;2.5;4
BENJAMIN CONSTANT DO SUL;2023;0;0.0;0;0;;0.0;2.5;4
BENJAMIN CONSTANT DO SUL;2024;0;0.0;0;0;;0.0;2.5;4
BENTO GONCALVES;2022;27;11.0905;16;38;0.9499;11.0905;1.0;4
BENTO GONCALVES;2023;22;11.0905;11;33;0.9499;11.0905;1.0;4
BENTO GONCALVES;2024;17;11.0905;6;28;0.9499;11.0905;1.0;4
BOA VISTA DAS MISSOES;2022;0;1.479;0;2;0.4402;0.5916;2.5;4
BOA VISTA DAS MISSOES;2023;0;1.479;0;2;0.4402;0.5916;2.5;4
BOA VISTA DAS MISSOES;2024;0;1.479;0;1;0.4402;0.5916;2.5;4
BOA VISTA DO BURICA;2022;0;0.5809;0;1;-0.7887;0.3873;1.5;4
BOA VISTA DO BURICA;2023;0;0.5809;0;0;-0.7887;0.3873;1.5;4
BOA VISTA DO BURICA;2024;0;0.5809;0;0;-0.7887;0.3873;1.5;4
BOA VISTA DO CADEADO;2022;0;0.0;0;0;;0.0;2.5;3
BOA VISTA DO CADEADO;2023;0;0.0;0;0;;0.0;2.5;3
BOA VISTA DO INCRA;2022;0;0.0;0;0;;0.0;2.5;4
BOA VISTA DO INCRA;2023;0;0.0;0;0;;0.0;2.5;4
BOA VISTA DO INCRA;2024;0;0.0;0;0;;0.0;2.5;4
BOA VISTA DO SUL;2022;0;1.1832;0;1;-0.5361;0.5916;2.0;4
BOA VISTA DO SUL;2023;0;1.1832;0;2;-0.5361;0.5916;2.0;4
BOA VISTA DO SUL;2024;0;1.1832;0;2;-0.5361;0.5916;2.0;4
BOM JESUS;2022;10;11.4237;0;21;0.7668;7.6158;1.5;4
BOM JESUS;2023;9;11.4237;0;20;0.7668;7.6158;1.5;4
BOM JESUS;2024;8;11.4237;0;19;0.7668;7.6158;1.5;4
BOM PRINCIPIO;2022;1;2.3717;0;3;-0.1688;0.9487;2.5;4
BOM PRINCIPIO;2023;0;2.3717;0;3;-0.1688;0.9487;2.5;4
BOM PRINCIPIO;2024;0;2.3717;0;2;-0.1688;0.9487;2.5;4
BOM PROGRESSO;2022;1;0.8874;0;2;0.8868;0.5916;1.5;4
BOM PROGRESSO;2023;0;0.8874;0;0;0.8868;0.5916;1.5;4
BOM PROGRESSO;2024;0;0.8874;0;0;0.8868;0.5916;1.5;4
BOM RETIRO DO SUL;2022;2;2.3664;0;4;0.6786;1.1832;2.0;4
BOM RETIRO DO SUL;2023;2;2.3664;0;4;0.6786;1.1832;2.0;4
BOM RETIRO DO SUL;2024;2;2.3664;0;4;0.6786;1.1832;2.0;4
BOQUEIRAO DO LEAO;2022;3;6.7777;0;10;0.2317;2.7111;2.5;4
BOQUEIRAO DO LEAO;2023;4;6.7777;0;11;0.2317;2.7111;2.5;4
BOQUEIRAO DO LEAO;2024;5;6.7777;0;12;0.2317;2.7111;2.5;4
BOSSOROCA;2022;0;0.7906;0;1;0.2064;0.3162;2.5;4
BOSSOROCA;2023;0;0.7906;0;1;0.2064;0.3162;2.5;4
BOSSOROCA;2024;0;0.7906;0;0;0.2064;0.3162;2.5;4
BOZANO;2022;0;0.0;0;0;;0.0;2.5;4
BOZANO;2023;0;0.0;0;0;;0.0;2.5;4
BOZANO;2024;0;0.0;0;0;;0.0;2.5;4
BRAGA;2022;0;0.8874;0;1;-0.8006;0.5916;1.5;4
BRAGA;2023;0;0.8874;0;1;-0.8006;0.5916;1.5;4
BRAGA;2024;0;0.8874;0;1;-0.8006;0.5916;1.5;4
BROCHIER;2022;1;1.7748;0;2;0.7699;1.1832;1.5;4
BROCHIER;2023;1;1.7748;0;3;0.7699;1.1832;1.5;4
BROCHIER;2024;1;1.7748;0;3;0.7699;1.1832;1.5;4
BUTIA;2022;13;3.755;9;16;-0.9738;3.755;1.0;4
BUTIA;2023;12;3.755;8;16;-0.9738;3.755;1.0;4
BUTIA;2024;12;3.755;8;15;-0.9738;3.755;1.0;4
CACAPAVA DO SUL;2022;9;7.2483;1;16;-0.8827;4.8322;1.5;4
CACAPAVA DO SUL;2023;8;7.2483;0;15;-0.8827;4.8322;1.5;4
CACAPAVA DO SUL;2024;6;7.2483;0;14;-0.8827;4.8322;1.5;4
CACEQUI;2022;2;2.9047;0;5;0.4942;1.1619;2.5;4
CACEQUI;2023;3;2.9047;0;6;0.4942;1.1619;2.5;4
CACEQUI;2024;4;2.9047;1;7;0.4942;1.1619;2.5;4
CACHOEIRA DO SUL;2022;6;9.6501;0;16;-0.0612;3.8601;2.5;4
CACHOEIRA DO SUL;2023;8;9.6501;0;17;-0.0612;3.8601;2.5;4
CACHOEIRA DO SUL;2024;10;9.6501;0;19;-0.0612;3.8601;2.5;4
CACHOEIRINHA;2022;16;10.3531;6;26;0.2054;4.1413;2.5;4
CACHOEIRINHA;2023;17;10.3531;7;28;0.2054;4.1413;2.5;4
CACHOEIRINHA;2024;18;10.3531;8;29;0.2054;4.1413;2.5;4
CACIQUE DOBLE;2022;4;2.6622;2;7;0.8681;1.7748;1.5;4
CACIQUE DOBLE;2023;6;2.6622;3;8;0.8681;1.7748;1.5;4
CACIQUE DOBLE;2024;7;2.6622;4;10;0.8681;1.7748;1.5;4
CAIBATE;2022;1;0.7906;1;2;-0.2474;0.3162;2.5;4
CAIBATE;2023;2;0.7906;1;3;-0.2474;0.3162;2.5;4
CAIBATE;2024;2;0.7906;2;3;-0.2474;0.3162;2.5;4
CAICARA;2022;0;1.1832;0;1;0.6732;0.5916;2.0;4
CAICARA;2023;0;1.1832;0;2;0.6732;0.5916;2.0;4
CAICARA;2024;0;1.1832;0;2;0.6732;0.5916;2.0;4
CAMAQUA;2022;14;10.0698;4;24;0.6958;5.0349;2.0;4
CAMAQUA;2023;13;10.0698;3;23;0.6958;5.0349;2.0;4
CAMAQUA;2024;12;10.0698;2;22;0.6958;5.0349;2.0;4
CAMARGO;2022;0;0.9682;0;1;0.0;0.3873;2.5;4
CAMARGO;2023;1;0.9682;0;2;0.0;0.3873;2.5;4
CAMARGO;2024;1;0.9682;0;2;0.0;0.3873;2.5;4
CAMBARA DO SUL;2022;0;1.0607;0;2;-0.8301;0.7071;1.5;4
CAMBARA DO SUL;2023;0;1.0607;0;2;-0.8301;0.7071;1.5;4
CAMBARA DO SUL;2024;1;1.0607;0;2;-0.8301;0.7071;1.5;4
CAMPESTRE DA SERRA;2022;1;3.5496;0;5;0.7868;2.3664;1.5;4
CAMPESTRE DA SERRA;2023;2;3.5496;0;5;0.7868;2.3664;1.5;4
CAMPESTRE DA SERRA;2024;2;3.5496;0;6;0.7868;2.3664;1.5;4
CAMPINA DAS MISSOES;2022;0;0.7746;0;1;-0.5508;0.3873;2.0;4
CAMPINA DAS MISSOES;2023;0;0.7746;0;1;-0.5508;0.3873;2.0;4
CAMPINA DAS MISSOES;2024;0;0.7746;0;0;-0.5508;0.3873;2.0;4
CAMPINAS DO SUL;2022;2;4.6476;0;6;0.6742;2.3238;2.0;4
CAMPINAS DO SUL;2023;2;4.6476;0;6;0.6742;2.3238;2.0;4
CAMPINAS DO SUL;2024;2;4.6476;0;7;0.6742;2.3238;2.0;4
CAMPO BOM;2022;7;12.772;0;20;0.2595;5.1088;2.5;4
CAMPO BOM;2023;7;12.772;0;20;0.2595;5.1088;2.5;4
CAMPO BOM;2024;6;12.772;0;19;0.2595;5.1088;2.5;4
CAMPO NOVO;2022;2;2.5544;0;4;0.8834;1.7029;1.5;4
CAMPO NOVO;2023;2;2.5544;0;4;0.8834;1.7029;1.5;4
CAMPO NOVO;2024;2;2.5544;0;4;0.8834;1.7029;1.5;4
CAMPOS BORGES;2022;1;3.5496;0;4;0.5866;1.7748;2.0;4
CAMPOS BORGES;2023;0;3.5496;0;4;0.5866;1.7748;2.0;4
CAMPOS BORGES;2024;0;3.5496;0;4;0.5866;1.7748;2.0;4
CANDELARIA;2022;6;5.6921;0;11;-0.6236;2.846;2.0;4
CANDELARIA;2023;2;5.6921;0;8;-0.6236;2.846;2.0;4
CANDELARIA;2024;0;5.6921;0;4;-0.6236;2.846;2.0;4
CANDIDO GODOI;2022;0;1.479;0;2;-0.1498;0.5916;2.5;4
CANDIDO GODOI;2023;0;1.479;0;2;-0.1498;0.5916;2.5;4
CANDIDO GODOI;2024;0;1.479;0;2;-0.1498;0.5916;2.5;4
CANDIOTA;2022;3;2.8983;0;6;0.5421;1.4491;2.0;4
CANDIOTA;2023;3;2.8983;0;6;0.5421;1.4491;2.0;4
CANDIOTA;2024;4;2.8983;1;6;0.5421;1.4491;2.0;4
CANELA;2022;14;3.8079;11;18;0.9162;3.8079;1.0;4
CANELA;2023;14;3.8079;11;18;0.9162;3.8079;1.0;4
CANELA;2024;14;3.8079;11;18;0.9162;3.8079;1.0;4
CANGUCU;2022;10;5.172;5;15;0.9447;5.172;1.0;4
CANGUCU;2023;10;5.172;5;16;0.9447;5.172;1.0;4
CANGUCU;2024;11;5.172;6;16;0.9447;5.172;1.0;4
CANOAS;2022;73;23.8283;49;97;-0.8338;15.8855;1.5;4
CANOAS;2023;73;23.8283;50;97;-0.8338;15.8855;1.5;4
CANOAS;2024;74;23.8283;50;97;-0.8338;15.8855;1.5;4
CANUDOS DO VALE;2022;0;0.0;0;0;;0.0;2.5;4
CANUDOS DO VALE;2023;0;0.0;0;0;;0.0;2.5;4
CANUDOS DO VALE;2024;0;0.0;0;0;;0.0;2.5;4
CAPAO BONITO DO SUL;2022;2;3.6228;0;5;-0.3162;1.4491;2.5;4
CAPAO BONITO DO SUL;2023;2;3.6228;0;6;-0.3162;1.4491;2.5;4
CAPAO BONITO DO SUL;2024;2;3.6228;0;6;-0.3162;1.4491;2.5;4
CAPAO DA CANOA;2022;16;14.4771;1;30;0.7679;9.6514;1.5;4
CAPAO DA CANOA;2023;16;14.4771;2;31;0.7679;9.6514;1.5;4
CAPAO DA CANOA;2024;16;14.4771;2;31;0.7679;9.6514;1.5;4
CAPAO DO CIPO;2022;1;1.5811;0;2;-0.14;0.6325;2.5;4
CAPAO DO CIPO;2023;1;1.5811;0;2;-0.14;0.6325;2.5;4
CAPAO DO CIPO;2024;1;1.5811;0;3;-0.14;0.6325;2.5;4
CAPAO DO LEAO;2022;2;2.9047;0;5;0.0841;1.1619;2.5;4
CAPAO DO LEAO;2023;1;2.9047;0;4;0.0841;1.1619;2.5;4
CAPAO DO LEAO;2024;0;2.9047;0;3;0.0841;1.1619;2.5;4
CAPELA DE SANTANA;2022;2;5.0621;0;7;-0.3734;2.0248;2.5;4
CAPELA DE SANTANA;2023;2;5.0621;0;7;-0.3734;2.0248;2.5;4
CAPELA DE SANTANA;2024;2;5.0621;0;7;-0.3734;2.0248;2.5;4
CAPITAO;2022;0;0.0;0;0;;0.0;2.5;4
CAPITAO;2023;0;0.0;0;0;;0.0;2.5;4
CAPITAO;2024;0;0.0;0;0;;0.0;2.5;4
CAPIVARI DO SUL;2022;1;2.958;0;4;0.3333;1.1832;2.5;4
CAPIVARI DO SUL;2023;1;2.958;0;4;0.3333;1.1832;2.5;4
CAPIVARI DO SUL;2024;1;2.958;0;4;0.3333;1.1832;2.5;4
CARAA;2022;0;1.479;0;2;-0.2163;0.5916;2.5;4
CARAA;2023;0;1.479;0;2;-0.2163;0.5916;2.5;4
CARAA;2024;0;1.479;0;1;-0.2163;0.5916;2.5;4
CARAZINHO;2022;28;6.7777;21;35;0.1193;2.7111;2.5;4
CARAZINHO;2023;30;6.7777;23;37;0.1193;2.7111;2.5;4
CARAZINHO;2024;32;6.7777;25;39;0.1193;2.7111;2.5;4
CARLOS BARBOSA;2022;3;5.7825;0;8;0.4002;2.313;2.5;4
CARLOS BARBOSA;2023;4;5.7825;0;9;0.4002;2.313;2.5;4
CARLOS BARBOSA;2024;4;5.7825;0;10;0.4002;2.313;2.5;4
CARLOS GOMES;2022;0;0.0;0;0;;0.0;2.5;4
CARLOS GOMES;2023;0;0.0;0;0;;0.0;2.5;4
CARLOS GOMES;2024;0;0.0;0;0;;0.0;2.5;4
CASCA;2022;4;5.7825;0;9;-0.4033;2.313;2.5;4
CASCA;2023;5;5.7825;0;10;-0.4033;2.313;2.5;4
CASCA;2024;6;5.7825;0;11;-0.4033;2.313;2.5;4
CASEIROS;2022;1;2.1651;0;3;0.1529;0.866;2.5;4
CASEIROS;2023;2;2.1651;0;4;0.1529;0.866;2.5;4
CASEIROS;2024;2;2.1651;0;4;0.1529;0.866;2.5;4
CATUIPE;2022;1;2.1448;0;4;0.6143;1.0724;2.0;4
CATUIPE;2023;1;2.1448;0;3;0.6143;1.0724;2.0;4
CATUIPE;2024;0;2.1448;0;2;0.6143;1.0724;2.0;4
CAXIAS DO SUL;2022;123;20.941;102;144;-0.8975;13.9607;1.5;4
CAXIAS DO SUL;2023;124;20.941;103;145;-0.8975;13.9607;1.5;4
CAXIAS DO SUL;2024;124;20.941;104;145;-0.8975;13.9607;1.5;4
CENTENARIO;2022;0;0.0;0;0;;0.0;2.5;4
CENTENARIO;2023;0;0.0;0;0;;0.0;2.5;4
CENTENARIO;2024;0;0.0;0;0;;0.0;2.5;4
CERRITO;2022;0;1.479;0;2;0.1974;0.5916;2.5;4
CERRITO;2023;0;1.479;0;2;0.1974;0.5916;2.5;4
CERRITO;2024;0;1.479;0;1;0.1974;0.5916;2.5;4
CERRO BRANCO;2022;0;1.7678;0;2;-0.0451;0.7071;2.5;4
CERRO BRANCO;2023;0;1.7678;0;2;-0.0451;0.7071;2.5;4
CERRO BRANCO;2024;0;1.7678;0;2;-0.0451;0.7071;2.5;4
CERRO GRANDE;2022;0;1.7678;0;2;-0.2242;0.7071;2.5;4
CERRO GRANDE;2023;0;1.7678;0;2;-0.2242;0.7071;2.5;4
CERRO GRANDE;2024;1;1.7678;0;2;-0.2242;0.7071;2.5;4
CERRO GRANDE DO SUL;2022;4;1.7748;2;6;0.9319;1.7748;1.0;4
CERRO GRANDE DO SUL;2023;3;1.7748;1;5;0.9319;1.7748;1.0;4
CERRO GRANDE DO SUL;2024;2;1.7748;1;4;0.9319;1.7748;1.0;4
CERRO LARGO;2022;3;1.9843;1;5;0.7013;1.3229;1.5;4
CERRO LARGO;2023;4;1.9843;3;6;0.7013;1.3229;1.5;4
CERRO LARGO;2024;6;1.9843;4;8;0.7013;1.3229;1.5;4
CHAPADA;2022;0;0.3873;0;0;-0.9419;0.3873;1.0;4
CHAPADA;2023;0;0.3873;0;0;-0.9419;0.3873;1.0;4
CHAPADA;2024;0;0.3873;0;0;-0.9419;0.3873;1.0;4
CHARQUEADAS;2022;5;3.6228;1;8;0.177;1.4491;2.5;4
CHARQUEADAS;2023;1;3.6228;0;5;0.177;1.4491;2.5;4
CHARQUEADAS;2024;0;3.6228;0;1;0.177;1.4491;2.5;4
CHARRUA;2022;1;3.6606;0;5;0.6889;1.8303;2.0;4
CHARRUA;2023;1;3.6606;0;5;0.6889;1.8303;2.0;4
CHARRUA;2024;2;3.6606;0;5;0.6889;1.8303;2.0;4
CHIAPETTA;2022;0;1.7678;0;2;0.4961;0.7071;2.5;4
CHIAPETTA;2023;0;1.7678;0;2;0.4961;0.7071;2.5;4
CHIAPETTA;2024;0;1.7678;0;2;0.4961;0.7071;2.5;4
CHUI;2022;2;1.5492;0;3;-0.6489;0.7746;2.0;4
CHUI;2023;1;1.5492;0;3;-0.6489;0.7746;2.0;4
CHUI;2024;1;1.5492;0;3;-0.6489;0.7746;2.0;4
CHUVISCA;2022;0;0.9682;0;1;0.4402;0.3873;2.5;4
CHUVISCA;2023;0;0.9682;0;1;0.4402;0.3873;2.5;4
CHUVISCA;2024;0;0.9682;0;0;0.4402;0.3873;2.5;4
CIDREIRA;2022;12;6.4807;5;18;0.5852;3.2404;2.0;4
CIDREIRA;2023;14;6.4807;7;20;0.5852;3.2404;2.0;4
CIDREIRA;2024;16;6.4807;9;22;0.5852;3.2404;2.0;4
CIRIACO;2022;1;4.7329;0;6;0.6509;2.3664;2.0;4
CIRIACO;2023;0;4.7329;0;5;0.6509;2.3664;2.0;4
CIRIACO;2024;0;4.7329;0;5;0.6509;2.3664;2.0;4
COLINAS;2022;0;0.9682;0;1;-0.3775;0.3873;2.5;4
COLINAS;2023;0;0.9682;0;1;-0.3775;0.3873;2.5;4
COLINAS;2024;0;0.9682;0;0;-0.3775;0.3873;2.5;4
COLORADO;2022;0;1.7748;0;2;-0.7746;1.1832;1.5;4
COLORADO;2023;0;1.7748;0;2;-0.7746;1.1832;1.5;4
COLORADO;2024;0;1.7748;0;2;-0.7746;1.1832;1.5;4
CONDOR;2022;1;0.0;1;1;0.2305;0.0;2.5;4
CONDOR;2023;0;0.0;0;0;0.2305;0.0;2.5;4
CONDOR;2024;0;0.0;0;0;0.2305;0.0;2.5;4
CONSTANTINA;2022;1;0.0;1;1;;0.0;2.5;4
CONSTANTINA;2023;1;0.0;1;1;;0.0;2.5;4
CONSTANTINA;2024;1;0.0;1;1;;0.0;2.5;4
COQUEIRO BAIXO;2022;0;0.0;0;0;;0.0;2.5;4
COQUEIRO BAIXO;2023;0;0.0;0;0;;0.0;2.5;4
COQUEIRO BAIXO;2024;0;0.0;0;0;;0.0;2.5;4
COQUEIROS DO SUL;2022;0;1.1619;0;1;-0.7778;0.7746;1.5;4
COQUEIROS DO SUL;2023;0;1.1619;0;1;-0.7778;0.7746;1.5;4
COQUEIROS DO SUL;2024;0;1.1619;0;0;-0.7778;0.7746;1.5;4
CORONEL BARROS;2022;0;1.479;0;2;0.1391;0.5916;2.5;4
CORONEL BARROS;2023;0;1.479;0;2;0.1391;0.5916;2.5;4
CORONEL BARROS;2024;0;1.479;0;2;0.1391;0.5916;2.5;4
CORONEL BICACO;2022;2;2.3238;0;4;0.5137;1.1619;2.0;4
CORONEL BICACO;2023;2;2.3238;0;4;0.5137;1.1619;2.0;4
CORONEL BICACO;2024;2;2.3238;0;4;0.5137;1.1619;2.0;4
COTIPORA;2022;0;0.7906;0;1;-0.3015;0.3162;2.5;4
COTIPORA;2023;0;0.7906;0;1;-0.3015;0.3162;2.5;4
COTIPORA;2024;0;0.7906;0;0;-0.3015;0.3162;2.5;4
COXILHA;2022;0;1.479;0;2;0.1741;0.5916;2.5;4
COXILHA;2023;0;1.479;0;2;0.1741;0.5916;2.5;4
COXILHA;2024;0;1.479;0;1;0.1741;0.5916;2.5;4
CRISSIUMAL;2022;2;8.2538;0;10;0.4622;3.3015;2.5;4
CRISSIUMAL;2023;2;8.2538;0;10;0.4622;3.3015;2.5;4
CRISSIUMAL;2024;2;8.2538;0;10;0.4622;3.3015;2.5;4
CRISTAL;2022;2;4.4371;0;7;-0.3207;1.7748;2.5;4
CRISTAL;2023;2;4.4371;0;6;-0.3207;1.7748;2.5;4
CRISTAL;2024;1;4.4371;0;5;-0.3207;1.7748;2.5;4
CRISTAL DO SUL;2022;0;2.9047;0;3;0.049;1.1619;2.5;4
CRISTAL DO SUL;2023;0;2.9047;0;2;0.049;1.1619;2.5;4
CRISTAL DO SUL;2024;0;2.9047;0;1;0.049;1.1619;2.5;4
CRUZ ALTA;2022;27;18.5994;8;45;-0.1952;7.4398;2.5;4
CRUZ ALTA;2023;21;18.5994;2;39;-0.1952;7.4398;2.5;4
CRUZ ALTA;2024;14;18.5994;0;33;-0.1952;7.4398;2.5;4
CRUZALTENSE;2022;0;2.3664;0;3;-0.5222;1.1832;2.0;4
CRUZALTENSE;2023;0;2.3664;0;3;-0.5222;1.1832;2.0;4
CRUZALTENSE;2024;0;2.3664;0;2;-0.5222;1.1832;2.0;4
CRUZEIRO DO SUL;2022;2;3.7947;0;6;-0.6909;1.8974;2.0;4
CRUZEIRO DO SUL;2023;1;3.7947;0;5;-0.6909;1.8974;2.0;4
CRUZEIRO DO SUL;2024;1;3.7947;0;5;-0.6909;1.8974;2.0;4
DAVID CANABARRO;2022;0;0.0;0;0;;0.0;2.5;4
DAVID CANABARRO;2023;0;0.0;0;0;;0.0;2.5;4
DAVID CANABARRO;2024;0;0.0;0;0;;0.0;2.5;4
DERRUBADAS;2022;0;0.9682;0;1;0.3374;0.3873;2.5;4
DERRUBADAS;2023;0;0.9682;0;1;0.3374;0.3873;2.5;4
DERRUBADAS;2024;0;0.9682;0;0;0.3374;0.3873;2.5;4
DEZESSEIS DE NOVEMBRO;2022;0;0.9682;0;1;-0.1925;0.3873;2.5;4
DEZESSEIS DE NOVEMBRO;2023;0;0.9682;0;1;-0.1925;0.3873;2.5;4
DEZESSEIS DE NOVEMBRO;2024;0;0.9682;0;0;-0.1925;0.3873;2.5;4
DILERMANDO DE AGUIAR;2022;0;0.7746;0;1;-0.5025;0.3873;2.0;4
DILERMANDO DE AGUIAR;2023;1;0.7746;0;1;-0.5025;0.3873;2.0;4
DILERMANDO DE AGUIAR;2024;1;0.7746;0;2;-0.5025;0.3873;2.0;4
DOIS IRMAOS;2022;3;7.5622;0;11;-0.3342;3.0249;2.5;4
DOIS IRMAOS;2023;3;7.5622;0;10;-0.3342;3.0249;2.5;4
DOIS IRMAOS;2024;2;7.5622;0;10;-0.3342;3.0249;2.5;4
DOIS IRMAOS DAS MISSOES;2022;0;0.0;0;0;;0.0;2.5;4
DOIS IRMAOS DAS MISSOES;2023;0;0.0;0;0;;0.0;2.5;4
DOIS IRMAOS DAS MISSOES;2024;0;0.0;0;0;;0.0;2.5;4
DOIS LAJEADOS;2022;1;2.3717;0;3;-0.3713;0.9487;2.5;4
DOIS LAJEADOS;2023;1;2.3717;0;4;-0.3713;0.9487;2.5;4
DOIS LAJEADOS;2024;2;2.3717;0;4;-0.3713;0.9487;2.5;4
DOM FELICIANO;2022;3;2.681;0;5;0.0617;1.0724;2.5;4
DOM FELICIANO;2023;3;2.681;1;6;0.0617;1.0724;2.5;4
DOM FELICIANO;2024;4;2.681;1;7;0.0617;1.0724;2.5;4
DOM PEDRITO;2022;11;11.1596;0;22;-0.8182;7.4398;1.5;4
DOM PEDRITO;2023;7;11.1596;0;18;-0.8182;7.4398;1.5;4
DOM PEDRITO;2024;3;11.1596;0;14;-0.8182;7.4398;1.5;4
DOM PEDRO DE ALCANTARA;2022;0;0.3873;0;1;0.9847;0.3873;1.0;4
DOM PEDRO DE ALCANTARA;2023;1;0.3873;0;1;0.9847;0.3873;1.0;4
DOM PEDRO DE ALCANTARA;2024;1;0.3873;1;1;0.9847;0.3873;1.0;4
DONA FRANCISCA;2022;2;3.4641;0;5;-0.5922;1.7321;2.0;4
DONA FRANCISCA;2023;3;3.4641;0;6;-0.5922;1.7321;2.0;4
DONA FRANCISCA;2024;4;3.4641;1;7;-0.5922;1.7321;2.0;4
DOUTOR MAURICIO CARDOSO;2022;0;0.9682;0;1;0.0705;0.3873;2.5;4
DOUTOR MAURICIO CARDOSO;2023;0;0.9682;0;1;0.0705;0.3873;2.5;4
DOUTOR MAURICIO CARDOSO;2024;0;0.9682;0;0;0.0705;0.3873;2.5;4
DOUTOR RICARDO;2022;0;1.479;0;2;0.0;0.5916;2.5;4
DOUTOR RICARDO;2023;0;1.479;0;2;0.0;0.5916;2.5;4
DOUTOR RICARDO;2024;0;1.479;0;2;0.0;0.5916;2.5;4
ELDORADO DO SUL;2022;11;7.4095;4;19;0.8783;4.9396;1.5;4
ELDORADO DO SUL;2023;10;7.4095;3;18;0.8783;4.9396;1.5;4
ELDORADO DO SUL;2024;9;7.4095;2;16;0.8783;4.9396;1.5;4
ENCANTADO;2022;1;1.5811;0;2;-0.3543;0.6325;2.5;4
ENCANTADO;2023;0;1.5811;0;1;-0.3543;0.6325;2.5;4
ENCANTADO;2024;0;1.5811;0;1;-0.3543;0.6325;2.5;4
ENCRUZILHADA DO SUL;2022;10;3.3072;7;14;-0.2527;1.3229;2.5;4
ENCRUZILHADA DO SUL;2023;13;3.3072;10;16;-0.2527;1.3229;2.5;4
ENCRUZILHADA DO SUL;2024;16;3.3072;12;19;-0.2527;1.3229;2.5;4
ENGENHO VELHO;2022;0;0.9682;0;1;;0.3873;2.5;4
ENGENHO VELHO;2023;0;0.9682;0;1;;0.3873;2.5;4
ENGENHO VELHO;2024;0;0.9682;0;0;;0.3873;2.5;4
ENTRE RIOS DO SUL;2022;1;1.9365;0;3;-0.3961;0.7746;2.5;4
ENTRE RIOS DO SUL;2023;0;1.9365;0;2;-0.3961;0.7746;2.5;4
ENTRE RIOS DO SUL;2024;0;1.9365;0;2;-0.3961;0.7746;2.5;4
ENTRE-IJUIS;2022;0;1.9365;0;2;0.1925;0.7746;2.5;4
ENTRE-IJUIS;2023;0;1.9365;0;2;0.1925;0.7746;2.5;4
ENTRE-IJUIS;2024;0;1.9365;0;1;0.1925;0.7746;2.5;4
EREBANGO;2022;2;6.1998;0;8;0.3412;2.4799;2.5;4
EREBANGO;2023;1;6.1998;0;7;0.3412;2.4799;2.5;4
EREBANGO;2024;0;6.1998;0;7;0.3412;2.4799;2.5;4
ERECHIM;2022;34;19.2386;14;53;-0.8034;12.8258;1.5;4
ERECHIM;2023;36;19.2386;17;56;-0.8034;12.8258;1.5;4
ERECHIM;2024;40;19.2386;20;59;-0.8034;12.8258;1.5;4
ERNESTINA;2022;0;0.0;0;0;;0.0;2.5;4
ERNESTINA;2023;0;0.0;0;0;;0.0;2.5;4
ERNESTINA;2024;0;0.0;0;0;;0.0;2.5;4
ERVAL GRANDE;2022;0;0.0;0;0;;0.0;2.5;4
ERVAL GRANDE;2023;0;0.0;0;0;;0.0;2.5;4
ERVAL GRANDE;2024;0;0.0;0;0;;0.0;2.5;4
ERVAL SECO;2022;1;2.9047;0;4;0.2283;1.1619;2.5;4
ERVAL SECO;2023;1;2.9047;0;4;0.2283;1.1619;2.5;4
ERVAL SECO;2024;1;2.9047;0;4;0.2283;1.1619;2.5;4
ESMERALDA;2022;0;1.479;0;2;0.2782;0.5916;2.5;4
ESMERALDA;2023;0;1.479;0;2;0.2782;0.5916;2.5;4
ESMERALDA;2024;0;1.479;0;1;0.2782;0.5916;2.5;4
ESPERANCA DO SUL;2022;1;4.6476;0;6;0.5222;2.3238;2.0;4
ESPERANCA DO SUL;2023;1;4.6476;0;6;0.5222;2.3238;2.0;4
ESPERANCA DO SUL;2024;1;4.6476;0;6;0.5222;2.3238;2.0;4
ESPUMOSO;2022;3;3.8971;0;7;0.8042;2.5981;1.5;4
ESPUMOSO;2023;2;3.8971;0;5;0.8042;2.5981;1.5;4
ESPUMOSO;2024;0;3.8971;0;4;0.8042;2.5981;1.5;4
ESTACAO;2022;1;1.0724;0;2;0.9602;1.0724;1.0;4
ESTACAO;2023;2;1.0724;1;3;0.9602;1.0724;1.0;4
ESTACAO;2024;2;1.0724;1;3;0.9602;1.0724;1.0;4
ESTANCIA VELHA;2022;4;3.873;1;8;0.4092;1.5492;2.5;4
ESTANCIA VELHA;2023;3;3.873;0;7;0.4092;1.5492;2.5;4
ESTANCIA VELHA;2024;2;3.873;0;6;0.4092;1.5492;2.5;4
ESTEIO;2022;13;13.2288;0;26;0.0612;5.2915;2.5;4
ESTEIO;2023;13;13.2288;0;26;0.0612;5.2915;2.5;4
ESTEIO;2024;13;13.2288;0;26;0.0612;5.2915;2.5;4
ESTRELA;2022;3;2.3238;0;5;0.6595;1.1619;2.0;4
ESTRELA;2023;2;2.3238;0;4;0.6595;1.1619;2.0;4
ESTRELA;2024;1;2.3238;0;3;0.6595;1.1619;2.0;4
ESTRELA VELHA;2022;0;0.8874;0;1;0.7688;0.5916;1.5;4
ESTRELA VELHA;2023;0;0.8874;0;1;0.7688;0.5916;1.5;4
ESTRELA VELHA;2024;0;0.8874;0;1;0.7688;0.5916;1.5;4
EUGENIO DE CASTRO;2022;0;0.0;0;0;;0.0;2.5;4
EUGENIO DE CASTRO;2023;0;0.0;0;0;;0.0;2.5;4
EUGENIO DE CASTRO;2024;0;0.0;0;0;;0.0;2.5;4
FAGUNDES VARELA;2022;0;0.0;0;0;;0.0;2.5;4
FAGUNDES VARELA;2023;0;0.0;0;0;;0.0;2.5;4
FAGUNDES VARELA;2024;0;0.0;0;0;;0.0;2.5;4
FARROUPILHA;2022;15;12.345;2;27;-0.6531;6.1725;2.0;4
FARROUPILHA;2023;14;12.345;2;26;-0.6531;6.1725;2.0;4
FARROUPILHA;2024;14;12.345;1;26;-0.6531;6.1725;2.0;4
FAXINAL DO SOTURNO;2022;0;1.4142;0;2;-0.5018;0.7071;2.0;4
FAXINAL DO SOTURNO;2023;0;1.4142;0;2;-0.5018;0.7071;2.0;4
FAXINAL DO SOTURNO;2024;1;1.4142;0;2;-0.5018;0.7071;2.0;4
FAXINALZINHO;2022;1;2.9047;0;4;-0.4644;1.1619;2.5;4
FAXINALZINHO;2023;1;2.9047;0;4;-0.4644;1.1619;2.5;4
FAXINALZINHO;2024;1;2.9047;0;4;-0.4644;1.1619;2.5;4
FAZENDA VILANOVA;2022;1;3.8324;0;5;0.4842;1.533;2.5;4
FAZENDA VILANOVA;2023;1;3.8324;0;5;0.4842;1.533;2.5;4
FAZENDA VILANOVA;2024;1;3.8324;0;5;0.4842;1.533;2.5;4
FELIZ;2022;2;8.5696;0;10;-0.2238;3.4278;2.5;4
FELIZ;2023;1;8.5696;0;10;-0.2238;3.4278;2.5;4
FELIZ;2024;0;8.5696;0;9;-0.2238;3.4278;2.5;4
FLORES DA CUNHA;2022;6;1.5811;4;7;0.208;0.6325;2.5;4
FLORES DA CUNHA;2023;8;1.5811;6;9;0.208;0.6325;2.5;4
FLORES DA CUNHA;2024;10;1.5811;8;12;0.208;0.6325;2.5;4
FLORIANO PEIXOTO;2022;0;0.0;0;0;;0.0;2.5;4
FLORIANO PEIXOTO;2023;0;0.0;0;0;;0.0;2.5;4
FLORIANO PEIXOTO;2024;0;0.0;0;0;;0.0;2.5;4
FONTOURA XAVIER;2022;5;3.9402;1;9;0.7674;2.6268;1.5;4
FONTOURA XAVIER;2023;5;3.9402;1;9;0.7674;2.6268;1.5;4
FONTOURA XAVIER;2024;6;3.9402;2;9;0.7674;2.6268;1.5;4
FORMIGUEIRO;2022;1;2.3717;0;3;0.4392;0.9487;2.5;4
FORMIGUEIRO;2023;1;2.3717;0;3;0.4392;0.9487;2.5;4
FORMIGUEIRO;2024;0;2.3717;0;3;0.4392;0.9487;2.5;4
FORQUETINHA;2022;0;0.0;0;0;;0.0;2.5;4
FORQUETINHA;2023;0;0.0;0;0;;0.0;2.5;4
FORQUETINHA;2024;0;0.0;0;0;;0.0;2.5;4
FORTALEZA DOS VALOS;2022;0;2.1651;0;3;0.019;0.866;2.5;4
FORTALEZA DOS VALOS;2023;0;2.1651;0;2;0.019;0.866;2.5;4
FORTALEZA DOS VALOS;2024;0;2.1651;0;2;0.019;0.866;2.5;4
FREDERICO WESTPHALEN;2022;4;4.8257;0;9;-0.7924;3.2171;1.5;4
FREDERICO WESTPHALEN;2023;4;4.8257;0;8;-0.7924;3.2171;1.5;4
FREDERICO WESTPHALEN;2024;4;4.8257;0;8;-0.7924;3.2171;1.5;4
GARIBALDI;2022;7;5.0929;2;12;0.2338;2.0372;2.5;4
GARIBALDI;2023;8;5.0929;3;13;0.2338;2.0372;2.5;4
GARIBALDI;2024;10;5.0929;5;15;0.2338;2.0372;2.5;4
GARRUCHOS;2022;0;1.5811;0;2;-0.3419;0.6325;2.5;4
GARRUCHOS;2023;0;1.5811;0;2;-0.3419;0.6325;2.5;4
GARRUCHOS;2024;0;1.5811;0;2;-0.3419;0.6325;2.5;4
GAURAMA;2022;0;1.479;0;2;0.2139;0.5916;2.5;4
GAURAMA;2023;0;1.479;0;2;0.2139;0.5916;2.5;4
GAURAMA;2024;0;1.479;0;1;0.2139;0.5916;2.5;4
GENERAL CAMARA;2022;4;4.8257;0;9;0.8387;3.2171;1.5;4
GENERAL CAMARA;2023;5;4.8257;0;10;0.8387;3.2171;1.5;4
GENERAL CAMARA;2024;6;4.8257;1;11;0.8387;3.2171;1.5;4
GENTIL;2022;0;0.9682;0;1;-0.3758;0.3873;2.5;4
GENTIL;2023;0;0.9682;0;1;-0.3758;0.3873;2.5;4
GENTIL;2024;0;0.9682;0;0;-0.3758;0.3873;2.5;4
GETULIO VARGAS;2022;3;5.0621;0;8;0.3664;2.0248;2.5;4
GETULIO VARGAS;2023;4;5.0621;0;9;0.3664;2.0248;2.5;4
GETULIO VARGAS;2024;4;5.0621;0;10;0.3664;2.0248;2.5;4
GIRUA;2022;0;0.0;0;0;;0.0;2.5;4
GIRUA;2023;0;0.0;0;0;;0.0;2.5;4
GIRUA;2024;0;0.0;0;0;;0.0;2.5;4
GLORINHA;2022;2;4.3301;0;6;0.3282;1.7321;2.5;4
GLORINHA;2023;1;4.3301;0;5;0.3282;1.7321;2.5;4
GLORINHA;2024;0;4.3301;0;4;0.3282;1.7321;2.5;4
GRAMADO;2022;7;3.0984;4;10;-0.5809;1.5492;2.0;4
GRAMADO;2023;9;3.0984;6;12;-0.5809;1.5492;2.0;4
GRAMADO;2024;11;3.0984;8;14;-0.5809;1.5492;2.0;4
GRAMADO DOS LOUREIROS;2022;0;1.9365;0;2;0.4714;0.7746;2.5;4
GRAMADO DOS LOUREIROS;2023;0;1.9365;0;2;0.4714;0.7746;2.5;4
GRAMADO DOS LOUREIROS;2024;0;1.9365;0;1;0.4714;0.7746;2.5;4
GRAMADO XAVIER;2022;0;0.0;0;0;;0.0;2.5;4
GRAMADO XAVIER;2023;0;0.0;0;0;;0.0;2.5;4
GRAMADO XAVIER;2024;0;0.0;0;0;;0.0;2.5;4
GRAVATAI;2022;51;13.7159;37;64;0.2325;5.4863;2.5;4
GRAVATAI;2023;43;13.7159;29;57;0.2325;5.4863;2.5;4
GRAVATAI;2024;36;13.7159;22;49;0.2325;5.4863;2.5;4
GUABIJU;2022;0;1.479;0;2;0.3499;0.5916;2.5;4
GUABIJU;2023;0;1.479;0;2;0.3499;0.5916;2.5;4
GUABIJU;2024;0;1.479;0;1;0.3499;0.5916;2.5;4
GUAIBA;2022;26;6.603;19;32;0.9712;6.603;1.0;4
GUAIBA;2023;28;6.603;22;35;0.9712;6.603;1.0;4
GUAIBA;2024;31;6.603;24;38;0.9712;6.603;1.0;4
GUAPORE;2022;6;11.4973;0;17;0.059;4.5989;2.5;4
GUAPORE;2023;6;11.4973;0;18;0.059;4.5989;2.5;4
GUAPORE;2024;6;11.4973;0;18;0.059;4.5989;2.5;4
GUARANI DAS MISSOES;2022;1;0.0;1;1;-0.4811;0.0;2.5;4
GUARANI DAS MISSOES;2023;0;0.0;0;0;-0.4811;0.0;2.5;4
GUARANI DAS MISSOES;2024;0;0.0;0;0;-0.4811;0.0;2.5;4
HARMONIA;2022;0;1.479;0;2;0.454;0.5916;2.5;4
HARMONIA;2023;0;1.479;0;2;0.454;0.5916;2.5;4
HARMONIA;2024;0;1.479;0;1;0.454;0.5916;2.5;4
HERVAL;2022;4;8.9791;0;13;-0.3119;3.5917;2.5;4
HERVAL;2023;4;8.9791;0;13;-0.3119;3.5917;2.5;4
HERVAL;2024;4;8.9791;0;13;-0.3119;3.5917;2.5;4
HERVEIRAS;2022;1;1.1619;0;2;-0.7921;0.7746;1.5;4
HERVEIRAS;2023;1;1.1619;0;3;-0.7921;0.7746;1.5;4
HERVEIRAS;2024;2;1.1619;1;3;-0.7921;0.7746;1.5;4
HORIZONTINA;2022;7;7.9648;0;15;-0.2812;3.1859;2.5;4
HORIZONTINA;2023;6;7.9648;0;14;-0.2812;3.1859;2.5;4
HORIZONTINA;2024;6;7.9648;0;14;-0.2812;3.1859;2.5;4
HULHA NEGRA;2022;1;1.4142;0;2;-0.9305;1.4142;1.0;4
HULHA NEGRA;2023;1;1.4142;0;2;-0.9305;1.4142;1.0;4
HULHA NEGRA;2024;1;1.4142;0;2;-0.9305;1.4142;1.0;4
HUMAITA;2022;0;0.9682;0;1;0.3965;0.3873;2.5;4
HUMAITA;2023;0;0.9682;0;1;0.3965;0.3873;2.5;4
HUMAITA;2024;0;0.9682;0;0;0.3965;0.3873;2.5;4
IBARAMA;2022;0;0.7746;0;1;0.6299;0.3873;2.0;4
IBARAMA;2023;0;0.7746;0;1;0.6299;0.3873;2.0;4
IBARAMA;2024;0;0.7746;0;0;0.6299;0.3873;2.0;4
IBIACA;2022;0;0.0;0;0;;0.0;2.5;4
IBIACA;2023;0;0.0;0;0;;0.0;2.5;4
IBIACA;2024;0;0.0;0;0;;0.0;2.5;4
IBIRAIARAS;2022;2;5.8095;0;7;0.1657;2.3238;2.5;4
IBIRAIARAS;2023;1;5.8095;0;7;0.1657;2.3238;2.5;4
IBIRAIARAS;2024;0;5.8095;0;6;0.1657;2.3238;2.5;4
IBIRAPUITA;2022;1;0.9682;0;2;-0.2582;0.3873;2.5;4
IBIRAPUITA;2023;1;0.9682;0;2;-0.2582;0.3873;2.5;4
IBIRAPUITA;2024;2;0.9682;1;2;-0.2582;0.3873;2.5;4
IBIRUBA;2022;4;6.567;0;11;-0.1841;2.6268;2.5;4
IBIRUBA;2023;3;6.567;0;10;-0.1841;2.6268;2.5;4
IBIRUBA;2024;2;6.567;0;9;-0.1841;2.6268;2.5;4
IGREJINHA;2022;2;4.8257;0;7;0.782;3.2171;1.5;4
IGREJINHA;2023;2;4.8257;0;7;0.782;3.2171;1.5;4
IGREJINHA;2024;2;4.8257;0;7;0.782;3.2171;1.5;4
IJUI;2022;14;9.3875;4;23;-0.2217;3.755;2.5;4
IJUI;2023;7;9.3875;0;16;-0.2217;3.755;2.5;4
IJUI;2024;0;9.3875;0;10;-0.2217;3.755;2.5;4
ILOPOLIS;2022;0;2.3238;0;3;-0.5432;1.1619;2.0;4
ILOPOLIS;2023;0;2.3238;0;2;-0.5432;1.1619;2.0;4
ILOPOLIS;2024;0;2.3238;0;1;-0.5432;1.1619;2.0;4
IMBE;2022;10;14.7902;0;25;-0.4438;5.9161;2.5;4
IMBE;2023;9;14.7902;0;24;-0.4438;5.9161;2.5;4
IMBE;2024;8;14.7902;0;23;-0.4438;5.9161;2.5;4
IMIGRANTE;2022;0;0.0;0;0;;0.0;2.5;4
IMIGRANTE;2023;0;0.0;0;0;;0.0;2.5;4
IMIGRANTE;2024;0;0.0;0;0;;0.0;2.5;4
INDEPENDENCIA;2022;0;0.9682;0;1;0.2582;0.3873;2.5;4
INDEPENDENCIA;2023;0;0.9682;0;1;0.2582;0.3873;2.5;4
INDEPENDENCIA;2024;0;0.9682;0;0;0.2582;0.3873;2.5;4
INHACORA;2022;1;2.1651;0;3;0.3015;0.866;2.5;4
INHACORA;2023;2;2.1651;0;4;0.3015;0.866;2.5;4
INHACORA;2024;2;2.1651;0;4;0.3015;0.866;2.5;4
IPE;2022;1;2.3717;0;3;-0.1552;0.9487;2.5;4
IPE;2023;1;2.3717;0;4;-0.1552;0.9487;2.5;4
IPE;2024;2;2.3717;0;4;-0.1552;0.9487;2.5;4
IPIRANGA DO SUL;2022;0;0.0;0;0;;0.0;2.5;4
IPIRANGA DO SUL;2023;0;0.0;0;0;;0.0;2.5;4
IPIRANGA DO SUL;2024;0;0.0;0;0;;0.0;2.5;4
IRAI;2022;6;0.7906;6;7;-0.2487;0.3162;2.5;4
IRAI;2023;5;0.7906;4;6;-0.2487;0.3162;2.5;4
IRAI;2024;4;0.7906;3;4;-0.2487;0.3162;2.5;4
ITAARA;2022;1;7.2457;0;9;0.4912;2.8983;2.5;4
ITAARA;2023;0;7.2457;0;7;0.4912;2.8983;2.5;4
ITAARA;2024;0;7.2457;0;6;0.4912;2.8983;2.5;4
ITACURUBI;2022;1;2.9047;0;4;0.0263;1.1619;2.5;4
ITACURUBI;2023;1;2.9047;0;4;0.0263;1.1619;2.5;4
ITACURUBI;2024;1;2.9047;0;4;0.0263;1.1619;2.5;4
ITAPUCA;2022;1;2.958;0;4;-0.3216;1.1832;2.5;4
ITAPUCA;2023;1;2.958;0;4;-0.3216;1.1832;2.5;4
ITAPUCA;2024;1;2.958;0;4;-0.3216;1.1832;2.5;4
ITAQUI;2022;9;4.8257;4;14;-0.7182;3.2171;1.5;4
ITAQUI;2023;7;4.8257;2;12;-0.7182;3.2171;1.5;4
ITAQUI;2024;5;4.8257;0;10;-0.7182;3.2171;1.5;4
ITATI;2022;0;0.0;0;0;;0.0;2.5;4
ITATI;2023;0;0.0;0;0;;0.0;2.5;4
ITATI;2024;0;0.0;0;0;;0.0;2.5;4
ITATIBA DO SUL;2022;1;3.5496;0;4;0.6768;1.7748;2.0;4
ITATIBA DO SUL;2023;0;3.5496;0;4;0.6768;1.7748;2.0;4
ITATIBA DO SUL;2024;0;3.5496;0;4;0.6768;1.7748;2.0;4
IVORA;2022;0;1.2649;0;2;-0.6116;0.6325;2.0;4
IVORA;2023;0;1.2649;0;1;-0.6116;0.6325;2.0;4
IVORA;2024;0;1.2649;0;1;-0.6116;0.6325;2.0;4
IVOTI;2022;1;1.2649;0;2;-0.6512;0.6325;2.0;4
IVOTI;2023;0;1.2649;0;1;-0.6512;0.6325;2.0;4
IVOTI;2024;0;1.2649;0;0;-0.6512;0.6325;2.0;4
JABOTICABA;2022;1;2.958;0;4;-0.1889;1.1832;2.5;4
JABOTICABA;2023;2;2.958;0;5;-0.1889;1.1832;2.5;4
JABOTICABA;2024;3;2.958;0;6;-0.1889;1.1832;2.5;4
JACUIZINHO;2022;1;1.9365;0;3;-0.4264;0.7746;2.5;4
JACUIZINHO;2023;2;1.9365;0;4;-0.4264;0.7746;2.5;4
JACUIZINHO;2024;2;1.9365;0;4;-0.4264;0.7746;2.5;4
JACUTINGA;2022;0;0.0;0;0;;0.0;2.5;4
JACUTINGA;2023;0;0.0;0;0;;0.0;2.5;4
JACUTINGA;2024;0;0.0;0;0;;0.0;2.5;4
JAGUARAO;2022;8;9.4552;0;18;-0.658;4.7276;2.0;4
JAGUARAO;2023;10;9.4552;1;20;-0.658;4.7276;2.0;4
JAGUARAO;2024;12;9.4552;3;21;-0.658;4.7276;2.0;4
JAGUARI;2022;2;1.3229;1;4;-0.967;1.3229;1.0;4
JAGUARI;2023;2;1.3229;1;3;-0.967;1.3229;1.0;4
JAGUARI;2024;2;1.3229;0;3;-0.967;1.3229;1.0;4
JAQUIRANA;2022;2;2.1651;0;4;-0.2605;0.866;2.5;4
JAQUIRANA;2023;2;2.1651;0;4;-0.2605;0.866;2.5;4
JAQUIRANA;2024;2;2.1651;0;5;-0.2605;0.866;2.5;4
JARI;2022;0;2.1651;0;3;-0.3015;0.866;2.5;4
JARI;2023;0;2.1651;0;2;-0.3015;0.866;2.5;4
JARI;2024;0;2.1651;0;2;-0.3015;0.866;2.5;4
JOIA;2022;1;1.7748;0;2;0.9083;1.7748;1.0;4
JOIA;2023;0;1.7748;0;2;0.9083;1.7748;1.0;4
JOIA;2024;0;1.7748;0;2;0.9083;1.7748;1.0;4
JULIO DE CASTILHOS;2022;3;1.8974;1;5;-0.6484;0.9487;2.0;4
JULIO DE CASTILHOS;2023;4;1.8974;2;6;-0.6484;0.9487;2.0;4
JULIO DE CASTILHOS;2024;6;1.8974;4;7;-0.6484;0.9487;2.0;4
LAGOA BONITA DO SUL;2022;0;0.0;0;0;;0.0;2.5;4
LAGOA BONITA DO SUL;2023;0;0.0;0;0;;0.0;2.5;4
LAGOA BONITA DO SUL;2024;0;0.0;0;0;;0.0;2.5;4
LAGOA VERMELHA;2022;13;16.2308;0;29;-0.3157;6.4923;2.5;4
LAGOA VERMELHA;2023;15;16.2308;0;31;-0.3157;6.4923;2.5;4
LAGOA VERMELHA;2024;16;16.2308;0;33;-0.3157;6.4923;2.5;4
LAGOAO;2022;1;0.6325;0;1;0.9129;0.6325;1.0;4
LAGOAO;2023;1;0.6325;0;1;0.9129;0.6325;1.0;4
LAGOAO;2024;1;0.6325;0;2;0.9129;0.6325;1.0;4
LAJEADO;2022;13;22.2064;0;35;0.1759;8.8826;2.5;4
LAJEADO;2023;10;22.2064;0;32;0.1759;8.8826;2.5;4
LAJEADO;2024;6;22.2064;0;29;0.1759;8.8826;2.5;4
LAJEADO DO BUGRE;2022;2;2.5981;0;5;0.7506;1.7321;1.5;4
LAJEADO DO BUGRE;2023;2;2.5981;0;5;0.7506;1.7321;1.5;4
LAJEADO DO BUGRE;2024;2;2.5981;0;5;0.7506;1.7321;1.5;4
LAVRAS DO SUL;2022;3;2.958;0;6;0.4092;1.1832;2.5;4
LAVRAS DO SUL;2023;3;2.958;0;6;0.4092;1.1832;2.5;4
LAVRAS DO SUL;2024;3;2.958;0;6;0.4092;1.1832;2.5;4
LIBERATO SALZANO;2022;0;0.0;0;0;;0.0;2.5;4
LIBERATO SALZANO;2023;0;0.0;0;0;;0.0;2.5;4
LIBERATO SALZANO;2024;0;0.0;0;0;;0.0;2.5;4
LINDOLFO COLLOR;2022;2;2.846;0;5;0.8944;1.8974;1.5;4
LINDOLFO COLLOR;2023;3;2.846;0;5;0.8944;1.8974;1.5;4
LINDOLFO COLLOR;2024;3;2.846;0;6;0.8944;1.8974;1.5;4
LINHA NOVA;2022;0;0.0;0;0;;0.0;2.5;4
LINHA NOVA;2023;0;0.0;0;0;;0.0;2.5;4
LINHA NOVA;2024;0;0.0;0;0;;0.0;2.5;4
MACAMBARA;2022;1;2.681;0;4;0.1034;1.0724;2.5;4
MACAMBARA;2023;1;2.681;0;4;0.1034;1.0724;2.5;4
MACAMBARA;2024;2;2.681;0;4;0.1034;1.0724;2.5;4
MACHADINHO;2022;2;11.8322;0;14;0.3216;4.7329;2.5;4
MACHADINHO;2023;3;11.8322;0;15;0.3216;4.7329;2.5;4
MACHADINHO;2024;4;11.8322;0;16;0.3216;4.7329;2.5;4
MAMPITUBA;2022;0;0.5809;0;1;-0.8704;0.3873;1.5;4
MAMPITUBA;2023;0;0.5809;0;0;-0.8704;0.3873;1.5;4
MAMPITUBA;2024;0;0.5809;0;0;-0.8704;0.3873;1.5;4
MANOEL VIANA;2022;1;6.532;0;7;0.6547;3.266;2.0;3
MANOEL VIANA;2023;0;6.532;0;5;0.6547;3.266;2.0;3
MAQUINE;2022;3;0.866;2;4;0.9533;0.866;1.0;4
MAQUINE;2023;4;0.866;4;5;0.9533;0.866;1.0;4
MAQUINE;2024;6;0.866;5;7;0.9533;0.866;1.0;4
MARATA;2022;0;0.0;0;0;;0.0;2.5;4
MARATA;2023;0;0.0;0;0;;0.0;2.5;4
MARATA;2024;0;0.0;0;0;;0.0;2.5;4
MARAU;2022;9;9.1672;0;18;-0.8757;6.1115;1.5;4
MARAU;2023;6;9.1672;0;16;-0.8757;6.1115;1.5;4
MARAU;2024;4;9.1672;0;13;-0.8757;6.1115;1.5;4
MARCELINO RAMOS;2022;1;1.2649;0;2;0.5298;0.6325;2.0;4
MARCELINO RAMOS;2023;1;1.2649;0;2;0.5298;0.6325;2.0;4
MARCELINO RAMOS;2024;1;1.2649;0;2;0.5298;0.6325;2.0;4
MARIANA PIMENTEL;2022;1;1.7428;0;3;0.7444;1.1619;1.5;4
MARIANA PIMENTEL;2023;1;1.7428;0;3;0.7444;1.1619;1.5;4
MARIANA PIMENTEL;2024;1;1.7428;0;3;0.7444;1.1619;1.5;4
MARIANO MORO;2022;0;0.0;0;0;;0.0;2.5;3
MARIANO MORO;2023;0;0.0;0;0;;0.0;2.5;3
MARIANO MORO;2024;0;0.0;0;0;;0.0;2.5;3
MARQUES DE SOUZA;2022;0;1.1832;0;1;-0.675;0.5916;2.0;4
MARQUES DE SOUZA;2023;0;1.1832;0;1;-0.675;0.5916;2.0;4
MARQUES DE SOUZA;2024;0;1.1832;0;1;-0.675;0.5916;2.0;4
MATA;2022;1;1.5811;0;2;-0.4513;0.6325;2.5;4
MATA;2023;1;1.5811;0;2;-0.4513;0.6325;2.5;4
MATA;2024;1;1.5811;0;3;-0.4513;0.6325;2.5;4
MATO CASTELHANO;2022;0;1.5811;0;2;-0.2621;0.6325;2.5;4
MATO CASTELHANO;2023;0;1.5811;0;2;-0.2621;0.6325;2.5;4
MATO CASTELHANO;2024;0;1.5811;0;2;-0.2621;0.6325;2.5;4
MATO LEITAO;2022;0;0.5916;0;1;0.9366;0.5916;1.0;4
MATO LEITAO;2023;0;0.5916;0;1;0.9366;0.5916;1.0;4
MATO LEITAO;2024;0;0.5916;0;1;0.9366;0.5916;1.0;4
MATO QUEIMADO;2022;0;0.0;0;0;;0.0;2.5;4
MATO QUEIMADO;2023;0;0.0;0;0;;0.0;2.5;4
MATO QUEIMADO;2024;0;0.0;0;0;;0.0;2.5;4
MAXIMILIANO DE ALMEIDA;2022;0;0.0;0;0;;0.0;2.5;4
MAXIMILIANO DE ALMEIDA;2023;0;0.0;0;0;;0.0;2.5;4
MAXIMILIANO DE ALMEIDA;2024;0;0.0;0;0;;0.0;2.5;4
MINAS DO LEAO;2022;2;4.4272;0;6;0.5804;2.2136;2.0;4
MINAS DO LEAO;2023;2;4.4272;0;6;0.5804;2.2136;2.0;4
MINAS DO LEAO;2024;2;4.4272;0;6;0.5804;2.2136;2.0;4
MIRAGUAI;2022;2;3.5355;0;6;-0.1543;1.4142;2.5;4
MIRAGUAI;2023;2;3.5355;0;6;-0.1543;1.4142;2.5;4
MIRAGUAI;2024;2;3.5355;0;6;-0.1543;1.4142;2.5;4
MONTAURI;2022;0;0.0;0;0;;0.0;2.5;4
MONTAURI;2023;0;0.0;0;0;;0.0;2.5;4
MONTAURI;2024;0;0.0;0;0;;0.0;2.5;4
MONTE ALEGRE DOS CAMPOS;2022;1;2.3238;0;3;0.6364;1.1619;2.0;4
MONTE ALEGRE DOS CAMPOS;2023;1;2.3238;0;3;0.6364;1.1619;2.0;4
MONTE ALEGRE DOS CAMPOS;2024;1;2.3238;0;3;0.6364;1.1619;2.0;4
MONTE BELO DO SUL;2022;0;0.8874;0;1;-0.7746;0.5916;1.5;4
MONTE BELO DO SUL;2023;0;0.8874;0;1;-0.7746;0.5916;1.5;4
MONTE BELO DO SUL;2024;0;0.8874;0;1;-0.7746;0.5916;1.5;4
MONTENEGRO;2022;21;9.2649;12;30;-0.7623;6.1766;1.5;4
MONTENEGRO;2023;25;9.2649;16;34;-0.7623;6.1766;1.5;4
MONTENEGRO;2024;30;9.2649;20;39;-0.7623;6.1766;1.5;4
MORMACO;2022;1;0.9682;0;2;-0.0948;0.3873;2.5;4
MORMACO;2023;2;0.9682;1;3;-0.0948;0.3873;2.5;4
MORMACO;2024;2;0.9682;2;3;-0.0948;0.3873;2.5;4
MORRINHOS DO SUL;2022;0;0.0;0;0;;0.0;2.5;4
MORRINHOS DO SUL;2023;0;0.0;0;0;;0.0;2.5;4
MORRINHOS DO SUL;2024;0;0.0;0;0;;0.0;2.5;4
MORRO REDONDO;2022;0;1.4142;0;2;0.6732;0.7071;2.0;4
MORRO REDONDO;2023;0;1.4142;0;2;0.6732;0.7071;2.0;4
MORRO REDONDO;2024;0;1.4142;0;2;0.6732;0.7071;2.0;4
MORRO REUTER;2022;1;0.8874;0;2;-0.8424;0.5916;1.5;4
MORRO REUTER;2023;1;0.8874;0;1;-0.8424;0.5916;1.5;4
MORRO REUTER;2024;0;0.8874;0;1;-0.8424;0.5916;1.5;4
MOSTARDAS;2022;2;5.2142;0;7;-0.0713;2.0857;2.5;4
MOSTARDAS;2023;2;5.2142;0;7;-0.0713;2.0857;2.5;4
MOSTARDAS;2024;2;5.2142;0;7;-0.0713;2.0857;2.5;4
MUCUM;2022;0;1.9365;0;2;-0.3614;0.7746;2.5;4
MUCUM;2023;0;1.9365;0;2;-0.3614;0.7746;2.5;4
MUCUM;2024;0;1.9365;0;1;-0.3614;0.7746;2.5;4
MUITOS CAPOES;2022;0;0.5809;0;1;-0.7458;0.3873;1.5;4
MUITOS CAPOES;2023;0;0.5809;0;0;-0.7458;0.3873;1.5;4
MUITOS CAPOES;2024;0;0.5809;0;0;-0.7458;0.3873;1.5;4
MULITERNO;2022;0;0.7071;0;1;-1.0;0.7071;1.0;4
MULITERNO;2023;0;0.7071;0;1;-1.0;0.7071;1.0;4
MULITERNO;2024;1;0.7071;0;1;-1.0;0.7071;1.0;4
NAO-ME-TOQUE;2022;6;3.0659;3;9;-0.6555;1.533;2.0;4
NAO-ME-TOQUE;2023;5;3.0659;2;8;-0.6555;1.533;2.0;4
NAO-ME-TOQUE;2024;4;3.0659;0;7;-0.6555;1.533;2.0;4
NICOLAU VERGUEIRO;2022;0;1.479;0;2;-0.3333;0.5916;2.5;4
NICOLAU VERGUEIRO;2023;0;1.479;0;2;-0.3333;0.5916;2.5;4
NICOLAU VERGUEIRO;2024;0;1.479;0;1;-0.3333;0.5916;2.5;4
NONOAI;2022;3;3.1285;0;6;0.8388;2.0857;1.5;4
NONOAI;2023;1;3.1285;0;4;0.8388;2.0857;1.5;4
NONOAI;2024;0;3.1285;0;2;0.8388;2.0857;1.5;4
NOVA ALVORADA;2022;1;1.2649;0;2;0.5774;0.6325;2.0;4
NOVA ALVORADA;2023;1;1.2649;0;2;0.5774;0.6325;2.0;4
NOVA ALVORADA;2024;1;1.2649;0;2;0.5774;0.6325;2.0;4
NOVA ARACA;2022;0;0.9487;0;1;-0.7001;0.6325;1.5;4
NOVA ARACA;2023;0;0.9487;0;1;-0.7001;0.6325;1.5;4
NOVA ARACA;2024;0;0.9487;0;1;-0.7001;0.6325;1.5;4
NOVA BASSANO;2022;1;2.8284;0;4;0.6772;1.4142;2.0;4
NOVA BASSANO;2023;1;2.8284;0;4;0.6772;1.4142;2.0;4
NOVA BASSANO;2024;1;2.8284;0;4;0.6772;1.4142;2.0;4
NOVA BOA VISTA;2022;0;0.0;0;0;;0.0;2.5;4
NOVA BOA VISTA;2023;0;0.0;0;0;;0.0;2.5;4
NOVA BOA VISTA;2024;0;0.0;0;0;;0.0;2.5;4
NOVA BRESCIA;2022;1;2.9047;0;4;0.1152;1.1619;2.5;4
NOVA BRESCIA;2023;1;2.9047;0;4;0.1152;1.1619;2.5;4
NOVA BRESCIA;2024;0;2.9047;0;3;0.1152;1.1619;2.5;4
NOVA CANDELARIA;2022;0;0.0;0;0;;0.0;2.5;4
NOVA CANDELARIA;2023;0;0.0;0;0;;0.0;2.5;4
NOVA CANDELARIA;2024;0;0.0;0;0;;0.0;2.5;4
NOVA ESPERANCA DO SUL;2022;1;2.9326;0;4;-0.6449;1.4663;2.0;4
NOVA ESPERANCA DO SUL;2023;1;2.9326;0;4;-0.6449;1.4663;2.0;4
NOVA ESPERANCA DO SUL;2024;0;2.9326;0;3;-0.6449;1.4663;2.0;4
NOVA HARTZ;2022;4;4.1713;0;8;-0.5995;2.0857;2.0;4
NOVA HARTZ;2023;3;4.1713;0;7;-0.5995;2.0857;2.0;4
NOVA HARTZ;2024;2;4.1713;0;6;-0.5995;2.0857;2.0;4
NOVA PADUA;2022;1;1.7321;0;3;0.5025;0.866;2.0;4
NOVA PADUA;2023;2;1.7321;0;3;0.5025;0.866;2.0;4
NOVA PADUA;2024;2;1.7321;0;4;0.5025;0.866;2.0;4
NOVA PALMA;2022;2;4.4371;0;6;-0.46;1.7748;2.5;4
NOVA PALMA;2023;1;4.4371;0;6;-0.46;1.7748;2.5;4
NOVA PALMA;2024;0;4.4371;0;5;-0.46;1.7748;2.5;4
NOVA PETROPOLIS;2022;1;1.5492;0;2;0.6598;0.7746;2.0;4
NOVA PETROPOLIS;2023;0;1.5492;0;2;0.6598;0.7746;2.0;4
NOVA PETROPOLIS;2024;0;1.5492;0;2;0.6598;0.7746;2.0;4
NOVA PRATA;2022;5;10.2176;0;15;-0.5103;5.1088;2.0;4
NOVA PRATA;2023;3;10.2176;0;13;-0.5103;5.1088;2.0;4
NOVA PRATA;2024;2;10.2176;0;12;-0.5103;5.1088;2.0;4
NOVA RAMADA;2022;0;0.0;0;0;;0.0;2.5;4
NOVA RAMADA;2023;0;0.0;0;0;;0.0;2.5;4
NOVA RAMADA;2024;0;0.0;0;0;;0.0;2.5;4
NOVA ROMA DO SUL;2022;0;0.0;0;0;;0.0;2.5;4
NOVA ROMA DO SUL;2023;0;0.0;0;0;;0.0;2.5;4
NOVA ROMA DO SUL;2024;0;0.0;0;0;;0.0;2.5;4
NOVA SANTA RITA;2022;11;3.4857;7;14;-0.8977;2.3238;1.5;4
NOVA SANTA RITA;2023;14;3.4857;10;17;-0.8977;2.3238;1.5;4
NOVA SANTA RITA;2024;17;3.4857;14;20;-0.8977;2.3238;1.5;4
NOVO BARREIRO;2022;0;0.9682;0;1;-0.4725;0.3873;2.5;4
NOVO BARREIRO;2023;0;0.9682;0;1;-0.4725;0.3873;2.5;4
NOVO BARREIRO;2024;0;0.9682;0;0;-0.4725;0.3873;2.5;4
NOVO CABRAIS;2022;0;0.0;0;0;;0.0;2.5;4
NOVO CABRAIS;2023;0;0.0;0;0;;0.0;2.5;4
NOVO CABRAIS;2024;0;0.0;0;0;;0.0;2.5;4
NOVO HAMBURGO;2022;44;5.3033;38;49;0.4642;2.1213;2.5;4
NOVO HAMBURGO;2023;26;5.3033;21;32;0.4642;2.1213;2.5;4
NOVO HAMBURGO;2024;10;5.3033;4;15;0.4642;2.1213;2.5;4
NOVO MACHADO;2022;0;0.7746;0;1;0.5222;0.3873;2.0;4
NOVO MACHADO;2023;0;0.7746;0;1;0.5222;0.3873;2.0;4
NOVO MACHADO;2024;0;0.7746;0;0;0.5222;0.3873;2.0;4
NOVO TIRADENTES;2022;0;0.0;0;0;;0.0;2.5;4
NOVO TIRADENTES;2023;0;0.0;0;0;;0.0;2.5;4
NOVO TIRADENTES;2024;0;0.0;0;0;;0.0;2.5;4
NOVO XINGU;2022;0;0.0;0;0;;0.0;2.5;4
NOVO XINGU;2023;0;0.0;0;0;;0.0;2.5;4
NOVO XINGU;2024;0;0.0;0;0;;0.0;2.5;4
OSORIO;2022;8;8.0429;0;16;-0.1262;3.2171;2.5;4
OSORIO;2023;3;8.0429;0;11;-0.1262;3.2171;2.5;4
OSORIO;2024;0;8.0429;0;6;-0.1262;3.2171;2.5;4
PAIM FILHO;2022;0;1.7678;0;2;0.0;0.7071;2.5;4
PAIM FILHO;2023;0;1.7678;0;1;0.0;0.7071;2.5;4
PAIM FILHO;2024;0;1.7678;0;0;0.0;0.7071;2.5;4
PALMARES DO SUL;2022;2;5.3033;0;8;0.0863;2.1213;2.5;4
PALMARES DO SUL;2023;2;5.3033;0;8;0.0863;2.1213;2.5;4
PALMARES DO SUL;2024;2;5.3033;0;8;0.0863;2.1213;2.5;4
PALMEIRA DAS MISSOES;2022;8;5.6822;3;14;-0.7937;3.7881;1.5;4
PALMEIRA DAS MISSOES;2023;5;5.6822;0;11;-0.7937;3.7881;1.5;4
PALMEIRA DAS MISSOES;2024;2;5.6822;0;8;-0.7937;3.7881;1.5;4
PALMITINHO;2022;1;5.9161;0;7;0.2126;2.3664;2.5;4
PALMITINHO;2023;0;5.9161;0;6;0.2126;2.3664;2.5;4
PALMITINHO;2024;0;5.9161;0;6;0.2126;2.3664;2.5;4
PANAMBI;2022;6;5.7825;0;11;-0.3577;2.313;2.5;4
PANAMBI;2023;8;5.7825;2;13;-0.3577;2.313;2.5;4
PANAMBI;2024;10;5.7825;4;15;-0.3577;2.313;2.5;4
PANTANO GRANDE;2022;2;2.1651;0;4;0.2748;0.866;2.5;4
PANTANO GRANDE;2023;2;2.1651;0;4;0.2748;0.866;2.5;4
PANTANO GRANDE;2024;2;2.1651;0;5;0.2748;0.866;2.5;4
PARAI;2022;0;1.1832;0;2;0.9761;1.1832;1.0;4
PARAI;2023;0;1.1832;0;1;0.9761;1.1832;1.0;4
PARAI;2024;0;1.1832;0;1;0.9761;1.1832;1.0;4
PARAISO DO SUL;2022;0;0.7746;0;1;-0.5734;0.3873;2.0;4
PARAISO DO SUL;2023;0;0.7746;0;1;-0.5734;0.3873;2.0;4
PARAISO DO SUL;2024;0;0.7746;0;0;-0.5734;0.3873;2.0;4
PARECI NOVO;2022;0;0.9682;0;1;-0.2294;0.3873;2.5;4
PARECI NOVO;2023;0;0.9682;0;1;-0.2294;0.3873;2.5;4
PARECI NOVO;2024;0;0.9682;0;0;-0.2294;0.3873;2.5;4
PAROBE;2022;6;3.7199;3;10;0.7546;2.4799;1.5;4
PAROBE;2023;6;3.7199;2;9;0.7546;2.4799;1.5;4
PAROBE;2024;5;3.7199;1;9;0.7546;2.4799;1.5;4
PASSA SETE;2022;0;0.0;0;0;;0.0;2.5;4
PASSA SETE;2023;0;0.0;0;0;;0.0;2.5;4
PASSA SETE;2024;0;0.0;0;0;;0.0;2.5;4
PASSO DO SOBRADO;2022;3;2.9047;0;6;0.038;1.1619;2.5;4
PASSO DO SOBRADO;2023;5;2.9047;2;8;0.038;1.1619;2.5;4
PASSO DO SOBRADO;2024;7;2.9047;4;10;0.038;1.1619;2.5;4
PASSO FUNDO;2022;69;2.1651;67;71;-0.4685;0.866;2.5;4
PASSO FUNDO;2023;72;2.1651;69;74;-0.4685;0.866;2.5;4
PASSO FUNDO;2024;74;2.1651;72;76;-0.4685;0.866;2.5;4
PAULO BENTO;2022;0;0.0;0;0;;0.0;2.5;4
PAULO BENTO;2023;0;0.0;0;0;;0.0;2.5;4
PAULO BENTO;2024;0;0.0;0;0;;0.0;2.5;4
PAVERAMA;2022;2;5.9161;0;8;0.0252;2.3664;2.5;4
PAVERAMA;2023;1;5.9161;0;7;0.0252;2.3664;2.5;4
PAVERAMA;2024;1;5.9161;0;7;0.0252;2.3664;2.5;4
PEDRAS ALTAS;2022;2;0.866;1;2;0.9439;0.866;1.0;4
PEDRAS ALTAS;2023;2;0.866;1;3;0.9439;0.866;1.0;4
PEDRAS ALTAS;2024;2;0.866;2;3;0.9439;0.866;1.0;4
PEDRO OSORIO;2022;2;0.7906;1;2;-0.1957;0.3162;2.5;4
PEDRO OSORIO;2023;2;0.7906;1;3;-0.1957;0.3162;2.5;4
PEDRO OSORIO;2024;2;0.7906;2;3;-0.1957;0.3162;2.5;4
PEJUCARA;2022;2;5.0621;0;7;-0.2921;2.0248;2.5;4
PEJUCARA;2023;3;5.0621;0;8;-0.2921;2.0248;2.5;4
PEJUCARA;2024;4;5.0621;0;9;-0.2921;2.0248;2.5;4
PELOTAS;2022;56;21.6887;34;77;-0.5348;10.8444;2.0;4
PELOTAS;2023;53;21.6887;32;75;-0.5348;10.8444;2.0;4
PELOTAS;2024;51;21.6887;29;73;-0.5348;10.8444;2.0;4
PICADA CAFE;2022;0;0.7746;0;1;-0.9979;0.7746;1.0;4
PICADA CAFE;2023;0;0.7746;0;0;-0.9979;0.7746;1.0;4
PICADA CAFE;2024;0;0.7746;0;0;-0.9979;0.7746;1.0;4
PINHAL;2022;0;0.0;0;0;;0.0;2.5;4
PINHAL;2023;0;0.0;0;0;;0.0;2.5;4
PINHAL;2024;0;0.0;0;0;;0.0;2.5;4
PINHAL DA SERRA;2022;0;1.9365;0;2;-0.4341;0.7746;2.5;4
PINHAL DA SERRA;2023;0;1.9365;0;2;-0.4341;0.7746;2.5;4
PINHAL DA SERRA;2024;0;1.9365;0;1;-0.4341;0.7746;2.5;4
PINHAL GRANDE;2022;0;0.0;0;0;;0.0;2.5;4
PINHAL GRANDE;2023;0;0.0;0;0;;0.0;2.5;4
PINHAL GRANDE;2024;0;0.0;0;0;;0.0;2.5;4
PINHEIRINHO DO VALE;2022;0;0.9682;0;1;0.1127;0.3873;2.5;4
PINHEIRINHO DO VALE;2023;0;0.9682;0;1;0.1127;0.3873;2.5;4
PINHEIRINHO DO VALE;2024;0;0.9682;0;0;0.1127;0.3873;2.5;4
PINHEIRO MACHADO;2022;2;3.6228;0;5;0.3524;1.4491;2.5;4
PINHEIRO MACHADO;2023;1;3.6228;0;5;0.3524;1.4491;2.5;4
PINHEIRO MACHADO;2024;0;3.6228;0;4;0.3524;1.4491;2.5;4
PINTO BANDEIRA;2022;1;1.9365;0;3;0.1741;0.7746;2.5;4
PINTO BANDEIRA;2023;1;1.9365;0;3;0.1741;0.7746;2.5;4
PINTO BANDEIRA;2024;2;1.9365;0;4;0.1741;0.7746;2.5;4
PIRAPO;2022;2;1.533;0;3;-0.9656;1.533;1.0;4
PIRAPO;2023;3;1.533;1;4;-0.9656;1.533;1.0;4
PIRAPO;2024;4;1.533;2;6;-0.9656;1.533;1.0;4
PIRATINI;2022;4;3.7047;0;7;0.8093;2.4698;1.5;4
PIRATINI;2023;4;3.7047;0;8;0.8093;2.4698;1.5;4
PIRATINI;2024;4;3.7047;1;8;0.8093;2.4698;1.5;4
PLANALTO;2022;13;8.3479;4;21;0.2488;3.3392;2.5;4
PLANALTO;2023;17;8.3479;9;26;0.2488;3.3392;2.5;4
PLANALTO;2024;22;8.3479;14;30;0.2488;3.3392;2.5;4
POCO DAS ANTAS;2022;0;1.7428;0;2;-0.8268;1.1619;1.5;4
POCO DAS ANTAS;2023;0;1.7428;0;1;-0.8268;1.1619;1.5;4
POCO DAS ANTAS;2024;0;1.7428;0;0;-0.8268;1.1619;1.5;4
PONTAO;2022;1;3.6228;0;4;0.0;1.4491;2.5;4
PONTAO;2023;0;3.6228;0;4;0.0;1.4491;2.5;4
PONTAO;2024;0;3.6228;0;3;0.0;1.4491;2.5;4
PONTE PRETA;2022;0;0.0;0;0;;0.0;2.5;4
PONTE PRETA;2023;0;0.0;0;0;;0.0;2.5;4
PONTE PRETA;2024;0;0.0;0;0;;0.0;2.5;4
PORTAO;2022;9;9.1118;0;18;0.8063;6.0745;1.5;4
PORTAO;2023;9;9.1118;0;18;0.8063;6.0745;1.5;4
PORTAO;2024;10;9.1118;0;19;0.8063;6.0745;1.5;4
PORTO ALEGRE;2022;374;243.3426;131;618;0.2188;97.337;2.5;4
PORTO ALEGRE;2023;438;243.3426;195;682;0.2188;97.337;2.5;4
PORTO ALEGRE;2024;502;243.3426;259;746;0.2188;97.337;2.5;4
PORTO LUCENA;2022;28;164.4081;0;193;-0.834;109.6054;1.5;4
PORTO LUCENA;2023;0;164.4081;0;108;-0.834;109.6054;1.5;4
PORTO LUCENA;2024;0;164.4081;0;23;-0.834;109.6054;1.5;4
PORTO MAUA;2022;0;0.5809;0;1;0.7333;0.3873;1.5;4
PORTO MAUA;2023;0;0.5809;0;0;0.7333;0.3873;1.5;4
PORTO MAUA;2024;0;0.5809;0;0;0.7333;0.3873;1.5;4
PORTO VERA CRUZ;2022;0;0.0;0;0;;0.0;2.5;4
PORTO VERA CRUZ;2023;0;0.0;0;0;;0.0;2.5;4
PORTO VERA CRUZ;2024;0;0.0;0;0;;0.0;2.5;4
PORTO XAVIER;2022;2;4.0666;0;6;0.8772;2.7111;1.5;4
PORTO XAVIER;2023;2;4.0666;0;6;0.8772;2.7111;1.5;4
PORTO XAVIER;2024;2;4.0666;0;6;0.8772;2.7111;1.5;4
POUSO NOVO;2022;0;2.3238;0;3;-0.6658;1.1619;2.0;4
POUSO NOVO;2023;0;2.3238;0;2;-0.6658;1.1619;2.0;4
POUSO NOVO;2024;0;2.3238;0;1;-0.6658;1.1619;2.0;4
PRESIDENTE LUCENA;2022;0;0.3873;0;0;-0.9272;0.3873;1.0;4
PRESIDENTE LUCENA;2023;0;0.3873;0;0;-0.9272;0.3873;1.0;4
PRESIDENTE LUCENA;2024;0;0.3873;0;0;-0.9272;0.3873;1.0;4
PROGRESSO;2022;1;2.1651;0;3;0.2885;0.866;2.5;4
PROGRESSO;2023;2;2.1651;0;4;0.2885;0.866;2.5;4
PROGRESSO;2024;2;2.1651;0;4;0.2885;0.866;2.5;4
PROTASIO ALVES;2022;1;0.7746;0;1;0.5222;0.3873;2.0;4
PROTASIO ALVES;2023;0;0.7746;0;1;0.5222;0.3873;2.0;4
PROTASIO ALVES;2024;0;0.7746;0;1;0.5222;0.3873;2.0;4
PUTINGA;2022;0;0.5916;0;1;0.948;0.5916;1.0;4
PUTINGA;2023;0;0.5916;0;1;0.948;0.5916;1.0;4
PUTINGA;2024;0;0.5916;0;1;0.948;0.5916;1.0;4
QUARAI;2022;11;7.3212;3;18;0.9625;7.3212;1.0;4
QUARAI;2023;10;7.3212;3;18;0.9625;7.3212;1.0;4
QUARAI;2024;10;7.3212;3;17;0.9625;7.3212;1.0;4
QUATRO IRMAOS;2022;2;14.5237;0;16;-0.3216;5.8095;2.5;4
QUATRO IRMAOS;2023;0;14.5237;0;12;-0.3216;5.8095;2.5;4
QUATRO IRMAOS;2024;0;14.5237;0;7;-0.3216;5.8095;2.5;4
QUEVEDOS;2022;0;0.0;0;0;;0.0;2.5;4
QUEVEDOS;2023;0;0.0;0;0;;0.0;2.5;4
QUEVEDOS;2024;0;0.0;0;0;;0.0;2.5;4
QUINZE DE NOVEMBRO;2022;1;0.7906;0;1;-0.1485;0.3162;2.5;4
QUINZE DE NOVEMBRO;2023;0;0.7906;0;1;-0.1485;0.3162;2.5;4
QUINZE DE NOVEMBRO;2024;0;0.7906;0;0;-0.1485;0.3162;2.5;4
REDENTORA;2022;5;13.5439;0;19;0.453;5.4176;2.5;4
REDENTORA;2023;5;13.5439;0;19;0.453;5.4176;2.5;4
REDENTORA;2024;5;13.5439;0;19;0.453;5.4176;2.5;4
RELVADO;2022;0;1.7428;0;2;0.7746;1.1619;1.5;4
RELVADO;2023;0;1.7428;0;1;0.7746;1.1619;1.5;4
RELVADO;2024;0;1.7428;0;0;0.7746;1.1619;1.5;4
RESTINGA SECA;2022;2;5.8095;0;8;-0.366;2.3238;2.5;4
RESTINGA SECA;2023;2;5.8095;0;8;-0.366;2.3238;2.5;4
RESTINGA SECA;2024;2;5.8095;0;8;-0.366;2.3238;2.5;4
RIO DOS INDIOS;2022;2;9.3875;0;12;0.0861;3.755;2.5;4
RIO DOS INDIOS;2023;1;9.3875;0;10;0.0861;3.755;2.5;4
RIO DOS INDIOS;2024;0;9.3875;0;9;0.0861;3.755;2.5;4
RIO GRANDE;2022;81;68.6833;12;149;0.5783;34.3417;2.0;4
RIO GRANDE;2023;106;68.6833;37;174;0.5783;34.3417;2.0;4
RIO GRANDE;2024;130;68.6833;62;199;0.5783;34.3417;2.0;4
RIO PARDO;2022;8;54.0407;0;62;-0.6636;27.0204;2.0;4
RIO PARDO;2023;0;54.0407;0;42;-0.6636;27.0204;2.0;4
RIO PARDO;2024;0;54.0407;0;22;-0.6636;27.0204;2.0;4
RIOZINHO;2022;1;2.7455;0;4;-0.8423;1.8303;1.5;4
RIOZINHO;2023;0;2.7455;0;3;-0.8423;1.8303;1.5;4
RIOZINHO;2024;0;2.7455;0;2;-0.8423;1.8303;1.5;4
ROCA SALES;2022;2;2.9047;0;5;-0.2167;1.1619;2.5;4
ROCA SALES;2023;2;2.9047;0;5;-0.2167;1.1619;2.5;4
ROCA SALES;2024;2;2.9047;0;4;-0.2167;1.1619;2.5;4
RODEIO BONITO;2022;1;1.479;0;2;-0.454;0.5916;2.5;4
RODEIO BONITO;2023;1;1.479;0;2;-0.454;0.5916;2.5;4
RODEIO BONITO;2024;1;1.479;0;2;-0.454;0.5916;2.5;4
ROLADOR;2022;0;0.3873;0;0;0.9272;0.3873;1.0;4
ROLADOR;2023;0;0.3873;0;0;0.9272;0.3873;1.0;4
ROLADOR;2024;0;0.3873;0;0;0.9272;0.3873;1.0;4
ROLANTE;2022;3;8.9791;0;12;-0.4087;3.5917;2.5;4
ROLANTE;2023;4;8.9791;0;13;-0.4087;3.5917;2.5;4
ROLANTE;2024;4;8.9791;0;13;-0.4087;3.5917;2.5;4
RONDA ALTA;2022;4;5.1088;0;9;0.9478;5.1088;1.0;4
RONDA ALTA;2023;3;5.1088;0;8;0.9478;5.1088;1.0;4
RONDA ALTA;2024;2;5.1088;0;8;0.9478;5.1088;1.0;4
RONDINHA;2022;0;1.1619;0;1;-0.7087;0.7746;1.5;4
RONDINHA;2023;0;1.1619;0;1;-0.7087;0.7746;1.5;4
RONDINHA;2024;0;1.1619;0;0;-0.7087;0.7746;1.5;4
ROQUE GONZALES;2022;2;5.8095;0;7;-0.1695;2.3238;2.5;4
ROQUE GONZALES;2023;2;5.8095;0;8;-0.1695;2.3238;2.5;4
ROQUE GONZALES;2024;2;5.8095;0;8;-0.1695;2.3238;2.5;4
ROSARIO DO SUL;2022;18;9.4703;8;27;0.406;3.7881;2.5;4
ROSARIO DO SUL;2023;23;9.4703;13;32;0.406;3.7881;2.5;4
ROSARIO DO SUL;2024;28;9.4703;19;37;0.406;3.7881;2.5;4
SAGRADA FAMILIA;2022;1;7.746;0;9;0.5726;3.873;2.0;4
SAGRADA FAMILIA;2023;0;7.746;0;6;0.5726;3.873;2.0;4
SAGRADA FAMILIA;2024;0;7.746;0;3;0.5726;3.873;2.0;4
SALDANHA MARINHO;2022;3;2.5981;0;6;0.7004;1.7321;1.5;4
SALDANHA MARINHO;2023;4;2.5981;1;7;0.7004;1.7321;1.5;4
SALDANHA MARINHO;2024;5;2.5981;2;8;0.7004;1.7321;1.5;4
SALTO DO JACUI;2022;4;3.6228;0;7;0.4757;1.4491;2.5;4
SALTO DO JACUI;2023;5;3.6228;1;9;0.4757;1.4491;2.5;4
SALTO DO JACUI;2024;6;3.6228;3;10;0.4757;1.4491;2.5;4
SALVADOR DAS MISSOES;2022;0;3.873;0;4;-0.3216;1.5492;2.5;4
SALVADOR DAS MISSOES;2023;0;3.873;0;3;-0.3216;1.5492;2.5;4
SALVADOR DAS MISSOES;2024;0;3.873;0;2;-0.3216;1.5492;2.5;4
SALVADOR DO SUL;2022;0;1.1832;0;1;0.5768;0.5916;2.0;4
SALVADOR DO SUL;2023;0;1.1832;0;1;0.5768;0.5916;2.0;4
SALVADOR DO SUL;2024;0;1.1832;0;1;0.5768;0.5916;2.0;4
SANANDUVA;2022;3;3.3204;0;6;0.767;2.2136;1.5;4
SANANDUVA;2023;4;3.3204;0;7;0.767;2.2136;1.5;4
SANANDUVA;2024;4;3.3204;1;8;0.767;2.2136;1.5;4
SANT'ANA DO LIVRAMENTO;2022;26;24.2577;2;51;0.301;9.7031;2.5;4
SANT'ANA DO LIVRAMENTO;2023;35;24.2577;10;59;0.301;9.7031;2.5;4
SANT'ANA DO LIVRAMENTO;2024;43;24.2577;19;67;0.301;9.7031;2.5;4
SANTA BARBARA DO SUL;2022;2;2.9047;0;5;0.3756;1.1619;2.5;4
SANTA BARBARA DO SUL;2023;0;2.9047;0;2;0.3756;1.1619;2.5;4
SANTA BARBARA DO SUL;2024;0;2.9047;0;0;0.3756;1.1619;2.5;4
SANTA CECILIA DO SUL;2022;1;2.0045;0;3;-0.866;1.3363;1.5;3
SANTA CECILIA DO SUL;2023;1;2.0045;0;3;-0.866;1.3363;1.5;3
SANTA CECILIA DO SUL;2024;1;2.0045;0;3;-0.866;1.3363;1.5;3
SANTA CLARA DO SUL;2022;0;0.0;0;0;;0.0;2.5;4
SANTA CLARA DO SUL;2023;0;0.0;0;0;;0.0;2.5;4
SANTA CLARA DO SUL;2024;0;0.0;0;0;;0.0;2.5;4
SANTA CRUZ DO SUL;2022;14;10.5374;4;25;0.8389;7.025;1.5;4
SANTA CRUZ DO SUL;2023;18;10.5374;8;29;0.8389;7.025;1.5;4
SANTA CRUZ DO SUL;2024;22;10.5374;11;33;0.8389;7.025;1.5;4
SANTA MARGARIDA DO SUL;2022;2;22.2697;0;25;0.198;8.9079;2.5;4
SANTA MARGARIDA DO SUL;2023;0;22.2697;0;18;0.198;8.9079;2.5;4
SANTA MARGARIDA DO SUL;2024;0;22.2697;0;11;0.198;8.9079;2.5;4
SANTA MARIA;2022;128;82.5293;45;210;0.825;55.0195;1.5;4
SANTA MARIA;2023;159;82.5293;77;242;0.825;55.0195;1.5;4
SANTA MARIA;2024;190;82.5293;108;273;0.825;55.0195;1.5;4
SANTA MARIA DO HERVAL;2022;13;110.7051;0;124;-0.3003;44.2821;2.5;4
SANTA MARIA DO HERVAL;2023;0;110.7051;0;88;-0.3003;44.2821;2.5;4
SANTA MARIA DO HERVAL;2024;0;110.7051;0;52;-0.3003;44.2821;2.5;4
SANTA ROSA;2022;8;11.1624;0;19;0.5099;5.5812;2.0;4
SANTA ROSA;2023;10;11.1624;0;21;0.5099;5.5812;2.0;4
SANTA ROSA;2024;12;11.1624;0;23;0.5099;5.5812;2.0;4
SANTA TEREZA;2022;1;2.681;0;3;0.4402;1.0724;2.5;4
SANTA TEREZA;2023;0;2.681;0;2;0.4402;1.0724;2.5;4
SANTA TEREZA;2024;0;2.681;0;1;0.4402;1.0724;2.5;4
SANTA VITORIA DO PALMAR;2022;12;7.5233;4;19;0.6914;3.7616;2.0;4
SANTA VITORIA DO PALMAR;2023;14;7.5233;7;22;0.6914;3.7616;2.0;4
SANTA VITORIA DO PALMAR;2024;16;7.5233;9;24;0.6914;3.7616;2.0;4
SANTANA DA BOA VISTA;2022;2;11.619;0;14;-0.8693;7.746;1.5;4
SANTANA DA BOA VISTA;2023;0;11.619;0;8;-0.8693;7.746;1.5;4
SANTANA DA BOA VISTA;2024;0;11.619;0;2;-0.8693;7.746;1.5;4
SANTIAGO;2022;12;12.772;0;24;-0.371;5.1088;2.5;4
SANTIAGO;2023;10;12.772;0;23;-0.371;5.1088;2.5;4
SANTIAGO;2024;8;12.772;0;21;-0.371;5.1088;2.5;4
SANTO ANGELO;2022;29;9.4703;19;38;0.1902;3.7881;2.5;4
SANTO ANGELO;2023;35;9.4703;25;44;0.1902;3.7881;2.5;4
SANTO ANGELO;2024;40;9.4703;31;50;0.1902;3.7881;2.5;4
SANTO ANTONIO DA PATRULHA;2022;9;2.5298;7;12;0.6004;1.2649;2.0;4
SANTO ANTONIO DA PATRULHA;2023;8;2.5298;5;10;0.6004;1.2649;2.0;4
SANTO ANTONIO DA PATRULHA;2024;6;2.5298;3;9;0.6004;1.2649;2.0;4
SANTO ANTONIO DAS MISSOES;2022;2;5.1417;0;7;-0.8308;3.4278;1.5;4
SANTO ANTONIO DAS MISSOES;2023;0;5.1417;0;4;-0.8308;3.4278;1.5;4
SANTO ANTONIO DAS MISSOES;2024;0;5.1417;0;2;-0.8308;3.4278;1.5;4
SANTO ANTONIO DO PALMA;2022;0;3.0619;0;3;;1.2247;2.5;3
SANTO ANTONIO DO PALMA;2023;0;3.0619;0;1;;1.2247;2.5;3
SANTO ANTONIO DO PLANALTO;2022;0;1.9365;0;2;0.2722;0.7746;2.5;4
SANTO ANTONIO DO PLANALTO;2023;0;1.9365;0;2;0.2722;0.7746;2.5;4
SANTO ANTONIO DO PLANALTO;2024;0;1.9365;0;1;0.2722;0.7746;2.5;4
SANTO AUGUSTO;2022;3;5.1088;0;8;0.86;3.4059;1.5;4
SANTO AUGUSTO;2023;4;5.1088;0;9;0.86;3.4059;1.5;4
SANTO AUGUSTO;2024;4;5.1088;0;9;0.86;3.4059;1.5;4
SANTO CRISTO;2022;0;1.479;0;2;0.4709;0.5916;2.5;4
SANTO CRISTO;2023;0;1.479;0;2;0.4709;0.5916;2.5;4
SANTO CRISTO;2024;0;1.479;0;1;0.4709;0.5916;2.5;4
SANTO EXPEDITO DO SUL;2022;1;0.3873;1;1;1.0;0.3873;1.0;4
SANTO EXPEDITO DO SUL;2023;1;0.3873;0;1;1.0;0.3873;1.0;4
SANTO EXPEDITO DO SUL;2024;0;0.3873;0;1;1.0;0.3873;1.0;4
SAO BORJA;2022;12;10.2176;2;23;0.5689;5.1088;2.0;4
SAO BORJA;2023;16;10.2176;6;26;0.5689;5.1088;2.0;4
SAO BORJA;2024;20;10.2176;9;30;0.5689;5.1088;2.0;4
SAO DOMINGOS DO SUL;2022;2;9.1426;0;11;0.8476;6.0951;1.5;4
SAO DOMINGOS DO SUL;2023;0;9.1426;0;6;0.8476;6.0951;1.5;4
SAO DOMINGOS DO SUL;2024;0;9.1426;0;2;0.8476;6.0951;1.5;4
SAO FRANCISCO DE ASSIS;2022;2;3.1623;0;5;-0.3636;1.2649;2.5;4
SAO FRANCISCO DE ASSIS;2023;3;3.1623;0;6;-0.3636;1.2649;2.5;4
SAO FRANCISCO DE ASSIS;2024;3;3.1623;0;6;-0.3636;1.2649;2.5;4
SAO FRANCISCO DE PAULA;2022;4;3.0373;1;7;0.8516;2.0248;1.5;4
SAO FRANCISCO DE PAULA;2023;3;3.0373;0;6;0.8516;2.0248;1.5;4
SAO FRANCISCO DE PAULA;2024;2;3.0373;0;5;0.8516;2.0248;1.5;4
SAO GABRIEL;2022;14;7.5763;6;21;0.523;3.7881;2.0;4
SAO GABRIEL;2023;17;7.5763;9;24;0.523;3.7881;2.0;4
SAO GABRIEL;2024;20;7.5763;12;27;0.523;3.7881;2.0;4
SAO JERONIMO;2022;10;6.4807;4;16;-0.9607;6.4807;1.0;4
SAO JERONIMO;2023;8;6.4807;2;14;-0.9607;6.4807;1.0;4
SAO JERONIMO;2024;6;6.4807;0;12;-0.9607;6.4807;1.0;4
SAO JOAO DA URTIGA;2022;1;3.6228;0;4;-0.4532;1.4491;2.5;4
SAO JOAO DA URTIGA;2023;0;3.6228;0;3;-0.4532;1.4491;2.5;4
SAO JOAO DA URTIGA;2024;0;3.6228;0;1;-0.4532;1.4491;2.5;4
SAO JOAO DO POLESINE;2022;0;0.0;0;0;;0.0;2.5;4
SAO JOAO DO POLESINE;2023;0;0.0;0;0;;0.0;2.5;4
SAO JOAO DO POLESINE;2024;0;0.0;0;0;;0.0;2.5;4
SAO JORGE;2022;0;1.1832;0;1;0.5361;0.5916;2.0;4
SAO JORGE;2023;0;1.1832;0;1;0.5361;0.5916;2.0;4
SAO JORGE;2024;0;1.1832;0;1;0.5361;0.5916;2.0;4
SAO JOSE DAS MISSOES;2022;0;2.1651;0;3;0.1706;0.866;2.5;4
SAO JOSE DAS MISSOES;2023;0;2.1651;0;2;0.1706;0.866;2.5;4
SAO JOSE DAS MISSOES;2024;0;2.1651;0;2;0.1706;0.866;2.5;4
SAO JOSE DO HERVAL;2022;2;1.1619;1;3;0.8819;0.7746;1.5;4
SAO JOSE DO HERVAL;2023;2;1.1619;1;4;0.8819;0.7746;1.5;4
SAO JOSE DO HERVAL;2024;3;1.1619;2;4;0.8819;0.7746;1.5;4
SAO JOSE DO HORTENCIO;2022;0;1.1832;0;1;0.5556;0.5916;2.0;4
SAO JOSE DO HORTENCIO;2023;0;1.1832;0;2;0.5556;0.5916;2.0;4
SAO JOSE DO HORTENCIO;2024;0;1.1832;0;2;0.5556;0.5916;2.0;4
SAO JOSE DO INHACORA;2022;0;0.0;0;0;;0.0;2.5;4
SAO JOSE DO INHACORA;2023;0;0.0;0;0;;0.0;2.5;4
SAO JOSE DO INHACORA;2024;0;0.0;0;0;;0.0;2.5;4
SAO JOSE DO NORTE;2022;4;2.958;1;7;0.4734;1.1832;2.5;4
SAO JOSE DO NORTE;2023;5;2.958;2;8;0.4734;1.1832;2.5;4
SAO JOSE DO NORTE;2024;6;2.958;3;9;0.4734;1.1832;2.5;4
SAO JOSE DO OURO;2022;0;1.0607;0;2;-0.8913;0.7071;1.5;4
SAO JOSE DO OURO;2023;0;1.0607;0;2;-0.8913;0.7071;1.5;4
SAO JOSE DO OURO;2024;1;1.0607;0;2;-0.8913;0.7071;1.5;4
SAO JOSE DO SUL;2022;0;0.8874;0;1;-0.8433;0.5916;1.5;4
SAO JOSE DO SUL;2023;0;0.8874;0;1;-0.8433;0.5916;1.5;4
SAO JOSE DO SUL;2024;0;0.8874;0;1;-0.8433;0.5916;1.5;4
SAO JOSE DOS AUSENTES;2022;1;2.3664;0;4;-0.5222;1.1832;2.0;4
SAO JOSE DOS AUSENTES;2023;1;2.3664;0;4;-0.5222;1.1832;2.0;4
SAO JOSE DOS AUSENTES;2024;1;2.3664;0;3;-0.5222;1.1832;2.0;4
SAO LEOPOLDO;2022;41;44.9787;0;86;0.875;29.9858;1.5;4
SAO LEOPOLDO;2023;43;44.9787;0;88;0.875;29.9858;1.5;4
SAO LEOPOLDO;2024;44;44.9787;0;89;0.875;29.9858;1.5;4
SAO LOURENCO DO SUL;2022;11;36.8035;0;48;-0.7872;24.5357;1.5;4
SAO LOURENCO DO SUL;2023;0;36.8035;0;30;-0.7872;24.5357;1.5;4
SAO LOURENCO DO SUL;2024;0;36.8035;0;12;-0.7872;24.5357;1.5;4
SAO LUIZ GONZAGA;2022;13;6.4343;6;19;-0.6022;3.2171;2.0;4
SAO LUIZ GONZAGA;2023;14;6.4343;7;20;-0.6022;3.2171;2.0;4
SAO LUIZ GONZAGA;2024;15;6.4343;9;21;-0.6022;3.2171;2.0;4
SAO MARCOS;2022;5;3.7947;1;9;-0.5802;1.8974;2.0;4
SAO MARCOS;2023;3;3.7947;0;6;-0.5802;1.8974;2.0;4
SAO MARCOS;2024;0;3.7947;0;4;-0.5802;1.8974;2.0;4
SAO MARTINHO;2022;1;2.1651;0;3;0.1581;0.866;2.5;4
SAO MARTINHO;2023;0;2.1651;0;3;0.1581;0.866;2.5;4
SAO MARTINHO;2024;0;2.1651;0;2;0.1581;0.866;2.5;4
SAO MARTINHO DA SERRA;2022;2;4.3301;0;6;-0.2486;1.7321;2.5;4
SAO MARTINHO DA SERRA;2023;3;4.3301;0;7;-0.2486;1.7321;2.5;4
SAO MARTINHO DA SERRA;2024;4;4.3301;0;8;-0.2486;1.7321;2.5;4
SAO MIGUEL DAS MISSOES;2022;1;2.3717;0;3;0.1614;0.9487;2.5;4
SAO MIGUEL DAS MISSOES;2023;1;2.3717;0;4;0.1614;0.9487;2.5;4
SAO MIGUEL DAS MISSOES;2024;2;2.3717;0;4;0.1614;0.9487;2.5;4
SAO NICOLAU;2022;1;0.5809;1;2;-0.8704;0.3873;1.5;4
SAO NICOLAU;2023;1;0.5809;0;1;-0.8704;0.3873;1.5;4
SAO NICOLAU;2024;0;0.5809;0;1;-0.8704;0.3873;1.5;4
SAO PAULO DAS MISSOES;2022;2;2.313;0;5;0.9366;2.313;1.0;4
SAO PAULO DAS MISSOES;2023;3;2.313;1;6;0.9366;2.313;1.0;4
SAO PAULO DAS MISSOES;2024;4;2.313;2;7;0.9366;2.313;1.0;4
SAO PEDRO DA SERRA;2022;0;0.5809;0;1;0.7276;0.3873;1.5;4
SAO PEDRO DA SERRA;2023;1;0.5809;0;1;0.7276;0.3873;1.5;4
SAO PEDRO DA SERRA;2024;1;0.5809;0;2;0.7276;0.3873;1.5;4
SAO PEDRO DAS MISSOES;2022;0;0.0;0;0;;0.0;2.5;4
SAO PEDRO DAS MISSOES;2023;0;0.0;0;0;;0.0;2.5;4
SAO PEDRO DAS MISSOES;2024;0;0.0;0;0;;0.0;2.5;4
SAO PEDRO DO BUTIA;2022;0;0.9682;0;1;0.3333;0.3873;2.5;4
SAO PEDRO DO BUTIA;2023;0;0.9682;0;1;0.3333;0.3873;2.5;4
SAO PEDRO DO BUTIA;2024;0;0.9682;0;0;0.3333;0.3873;2.5;4
SAO PEDRO DO SUL;2022;3;2.3238;1;6;-0.6178;1.1619;2.0;4
SAO PEDRO DO SUL;2023;5;2.3238;3;7;-0.6178;1.1619;2.0;4
SAO PEDRO DO SUL;2024;7;2.3238;5;9;-0.6178;1.1619;2.0;4
SAO SEBASTIAO DO CAI;2022;4;2.9047;1;7;-0.7606;1.9365;1.5;4
SAO SEBASTIAO DO CAI;2023;4;2.9047;1;6;-0.7606;1.9365;1.5;4
SAO SEBASTIAO DO CAI;2024;3;2.9047;0;6;-0.7606;1.9365;1.5;4
SAO SEPE;2022;6;1.9365;4;7;0.99;1.9365;1.0;4
SAO SEPE;2023;6;1.9365;4;8;0.99;1.9365;1.0;4
SAO SEPE;2024;6;1.9365;5;8;0.99;1.9365;1.0;4
SAO VALENTIM;2022;1;7.6649;0;9;-0.2862;3.0659;2.5;4
SAO VALENTIM;2023;0;7.6649;0;7;-0.2862;3.0659;2.5;4
SAO VALENTIM;2024;0;7.6649;0;5;-0.2862;3.0659;2.5;4
SAO VALENTIM DO SUL;2022;0;0.9682;0;1;-0.3026;0.3873;2.5;4
SAO VALENTIM DO SUL;2023;1;0.9682;0;2;-0.3026;0.3873;2.5;4
SAO VALENTIM DO SUL;2024;1;0.9682;0;2;-0.3026;0.3873;2.5;4
SAO VALERIO DO SUL;2022;0;1.479;0;2;-0.2255;0.5916;2.5;4
SAO VALERIO DO SUL;2023;0;1.479;0;2;-0.2255;0.5916;2.5;4
SAO VALERIO DO SUL;2024;0;1.479;0;1;-0.2255;0.5916;2.5;4
SAO VENDELINO;2022;0;0.0;0;0;;0.0;2.5;4
SAO VENDELINO;2023;0;0.0;0;0;;0.0;2.5;4
SAO VENDELINO;2024;0;0.0;0;0;;0.0;2.5;4
SAO VICENTE DO SUL;2022;2;3.873;0;6;0.2554;1.5492;2.5;4
SAO VICENTE DO SUL;2023;2;3.873;0;6;0.2554;1.5492;2.5;4
SAO VICENTE DO SUL;2024;2;3.873;0;6;0.2554;1.5492;2.5;4
SAPIRANGA;2022;17;8.8741;8;26;-0.1447;3.5496;2.5;4
SAPIRANGA;2023;21;8.8741;13;30;-0.1447;3.5496;2.5;4
SAPIRANGA;2024;26;8.8741;17;35;-0.1447;3.5496;2.5;4
SAPUCAIA DO SUL;2022;31;16.1102;15;47;0.7687;10.7401;1.5;4
SAPUCAIA DO SUL;2023;35;16.1102;19;51;0.7687;10.7401;1.5;4
SAPUCAIA DO SUL;2024;39;16.1102;23;55;0.7687;10.7401;1.5;4
SARANDI;2022;6;17.821;0;24;-0.7705;11.8807;1.5;4
SARANDI;2023;0;17.821;0;18;-0.7705;11.8807;1.5;4
SARANDI;2024;0;17.821;0;11;-0.7705;11.8807;1.5;4
SEBERI;2022;4;3.5496;1;8;0.9826;3.5496;1.0;4
SEBERI;2023;5;3.5496;1;8;0.9826;3.5496;1.0;4
SEBERI;2024;5;3.5496;1;9;0.9826;3.5496;1.0;4
SEDE NOVA;2022;1;6.7777;0;7;0.3531;2.7111;2.5;4
SEDE NOVA;2023;0;6.7777;0;5;0.3531;2.7111;2.5;4
SEDE NOVA;2024;0;6.7777;0;3;0.3531;2.7111;2.5;4
SEGREDO;2022;0;0.0;0;0;;0.0;2.5;4
SEGREDO;2023;0;0.0;0;0;;0.0;2.5;4
SEGREDO;2024;0;0.0;0;0;;0.0;2.5;4
SELBACH;2022;0;1.9365;0;2;0.4201;0.7746;2.5;4
SELBACH;2023;0;1.9365;0;2;0.4201;0.7746;2.5;4
SELBACH;2024;0;1.9365;0;1;0.4201;0.7746;2.5;4
SENADOR SALGADO FILHO;2022;0;0.0;0;0;;0.0;2.5;4
SENADOR SALGADO FILHO;2023;0;0.0;0;0;;0.0;2.5;4
SENADOR SALGADO FILHO;2024;0;0.0;0;0;;0.0;2.5;4
SENTINELA DO SUL;2022;3;4.2573;0;7;0.2323;1.7029;2.5;4
SENTINELA DO SUL;2023;4;4.2573;0;8;0.2323;1.7029;2.5;4
SENTINELA DO SUL;2024;4;4.2573;0;9;0.2323;1.7029;2.5;4
SERAFINA CORREA;2022;4;2.9047;1;7;0.737;1.9365;1.5;4
SERAFINA CORREA;2023;6;2.9047;3;8;0.737;1.9365;1.5;4
SERAFINA CORREA;2024;7;2.9047;4;10;0.737;1.9365;1.5;4
SERIO;2022;0;0.0;0;0;;0.0;2.5;4
SERIO;2023;0;0.0;0;0;;0.0;2.5;4
SERIO;2024;0;0.0;0;0;;0.0;2.5;4
SERTAO;2022;3;12.7843;0;16;0.3753;5.1137;2.5;4
SERTAO;2023;4;12.7843;0;17;0.3753;5.1137;2.5;4
SERTAO;2024;4;12.7843;0;17;0.3753;5.1137;2.5;4
SERTAO SANTANA;2022;1;4.4371;0;6;-0.4137;1.7748;2.5;4
SERTAO SANTANA;2023;2;4.4371;0;6;-0.4137;1.7748;2.5;4
SERTAO SANTANA;2024;2;4.4371;0;6;-0.4137;1.7748;2.5;4
SETE DE SETEMBRO;2022;1;0.7746;0;2;0.9649;0.7746;1.0;4
SETE DE SETEMBRO;2023;1;0.7746;1;2;0.9649;0.7746;1.0;4
SETE DE SETEMBRO;2024;2;0.7746;1;3;0.9649;0.7746;1.0;4
SEVERIANO DE ALMEIDA;2022;0;0.0;0;0;;0.0;2.5;4
SEVERIANO DE ALMEIDA;2023;0;0.0;0;0;;0.0;2.5;4
SEVERIANO DE ALMEIDA;2024;0;0.0;0;0;;0.0;2.5;4
SILVEIRA MARTINS;2022;0;1.7678;0;2;0.4082;0.7071;2.5;4
SILVEIRA MARTINS;2023;0;1.7678;0;2;0.4082;0.7071;2.5;4
SILVEIRA MARTINS;2024;0;1.7678;0;2;0.4082;0.7071;2.5;4
SINIMBU;2022;1;1.8974;0;3;0.6058;0.9487;2.0;4
SINIMBU;2023;1;1.8974;0;3;0.6058;0.9487;2.0;4
SINIMBU;2024;2;1.8974;0;3;0.6058;0.9487;2.0;4
SOBRADINHO;2022;2;0.7906;2;3;-0.2031;0.3162;2.5;4
SOBRADINHO;2023;2;0.7906;1;3;-0.2031;0.3162;2.5;4
SOBRADINHO;2024;2;0.7906;1;2;-0.2031;0.3162;2.5;4
SOLEDADE;2022;12;12.7843;0;25;0.4663;5.1137;2.5;4
SOLEDADE;2023;14;12.7843;1;27;0.4663;5.1137;2.5;4
SOLEDADE;2024;16;12.7843;3;28;0.4663;5.1137;2.5;4
TABAI;2022;1;4.5758;0;5;-0.3015;1.8303;2.5;4
TABAI;2023;0;4.5758;0;3;-0.3015;1.8303;2.5;4
TABAI;2024;0;4.5758;0;2;-0.3015;1.8303;2.5;4
TAPEJARA;2022;4;7.5622;0;11;-0.2744;3.0249;2.5;4
TAPEJARA;2023;4;7.5622;0;12;-0.2744;3.0249;2.5;4
TAPEJARA;2024;5;7.5622;0;13;-0.2744;3.0249;2.5;4
TAPERA;2022;3;6.7777;0;10;0.3455;2.7111;2.5;4
TAPERA;2023;3;6.7777;0;10;0.3455;2.7111;2.5;4
TAPERA;2024;4;6.7777;0;10;0.3455;2.7111;2.5;4
TAPES;2022;6;17.4284;0;23;0.2991;6.9714;2.5;4
TAPES;2023;6;17.4284;0;24;0.2991;6.9714;2.5;4
TAPES;2024;7;17.4284;0;24;0.2991;6.9714;2.5;4
TAQUARA;2022;22;18.303;3;40;0.0572;7.3212;2.5;4
TAQUARA;2023;31;18.303;13;50;0.0572;7.3212;2.5;4
TAQUARA;2024;41;18.303;23;59;0.0572;7.3212;2.5;4
TAQUARI;2022;6;13.4048;0;19;-0.056;5.3619;2.5;4
TAQUARI;2023;2;13.4048;0;15;-0.056;5.3619;2.5;4
TAQUARI;2024;0;13.4048;0;10;-0.056;5.3619;2.5;4
TAQUARUCU DO SUL;2022;1;3.8324;0;5;0.4352;1.533;2.5;4
TAQUARUCU DO SUL;2023;0;3.8324;0;3;0.4352;1.533;2.5;4
TAQUARUCU DO SUL;2024;0;3.8324;0;2;0.4352;1.533;2.5;4
TAVARES;2022;1;1.4142;0;2;0.9124;1.4142;1.0;4
TAVARES;2023;1;1.4142;0;2;0.9124;1.4142;1.0;4
TAVARES;2024;1;1.4142;0;2;0.9124;1.4142;1.0;4
TENENTE PORTELA;2022;9;4.4371;5;14;0.1403;1.7748;2.5;4
TENENTE PORTELA;2023;14;4.4371;9;18;0.1403;1.7748;2.5;4
TENENTE PORTELA;2024;18;4.4371;14;22;0.1403;1.7748;2.5;4
TERRA DE AREIA;2022;1;5.7825;0;7;0.4972;2.313;2.5;4
TERRA DE AREIA;2023;1;5.7825;0;7;0.4972;2.313;2.5;4
TERRA DE AREIA;2024;2;5.7825;0;7;0.4972;2.313;2.5;4
TEUTONIA;2022;3;6.6144;0;10;0.4457;2.6458;2.5;4
TEUTONIA;2023;3;6.6144;0;10;0.4457;2.6458;2.5;4
TEUTONIA;2024;3;6.6144;0;10;0.4457;2.6458;2.5;4
TIO HUGO;2022;4;6.9282;0;11;0.5587;3.4641;2.0;4
TIO HUGO;2023;3;6.9282;0;10;0.5587;3.4641;2.0;4
TIO HUGO;2024;2;6.9282;0;9;0.5587;3.4641;2.0;4
TIRADENTES DO SUL;2022;0;0.0;0;0;;0.0;2.5;4
TIRADENTES DO SUL;2023;0;0.0;0;0;;0.0;2.5;4
TIRADENTES DO SUL;2024;0;0.0;0;0;;0.0;2.5;4
TOROPI;2022;1;2.681;0;3;-0.1982;1.0724;2.5;4
TOROPI;2023;0;2.681;0;2;-0.1982;1.0724;2.5;4
TOROPI;2024;0;2.681;0;1;-0.1982;1.0724;2.5;4
TORRES;2022;12;5.1088;7;17;0.7252;3.4059;1.5;4
TORRES;2023;17;5.1088;11;22;0.7252;3.4059;1.5;4
TORRES;2024;21;5.1088;16;26;0.7252;3.4059;1.5;4
TRAMANDAI;2022;20;9.9216;11;30;-0.2099;3.9686;2.5;4
TRAMANDAI;2023;23;9.9216;13;33;-0.2099;3.9686;2.5;4
TRAMANDAI;2024;26;9.9216;16;35;-0.2099;3.9686;2.5;4
TRAVESSEIRO;2022;2;7.2353;0;9;-0.9793;7.2353;1.0;4
TRAVESSEIRO;2023;0;7.2353;0;3;-0.9793;7.2353;1.0;4
TRAVESSEIRO;2024;0;7.2353;0;0;-0.9793;7.2353;1.0;4
TRES ARROIOS;2022;0;0.0;0;0;;0.0;2.5;4
TRES ARROIOS;2023;0;0.0;0;0;;0.0;2.5;4
TRES ARROIOS;2024;0;0.0;0;0;;0.0;2.5;4
TRES CACHOEIRAS;2022;1;2.8284;0;4;0.5426;1.4142;2.0;4
TRES CACHOEIRAS;2023;1;2.8284;0;4;0.5426;1.4142;2.0;4
TRES CACHOEIRAS;2024;1;2.8284;0;4;0.5426;1.4142;2.0;4
TRES COROAS;2022;4;2.6622;1;6;0.7676;1.7748;1.5;4
TRES COROAS;2023;4;2.6622;2;7;0.7676;1.7748;1.5;4
TRES COROAS;2024;5;2.6622;2;8;0.7676;1.7748;1.5;4
TRES DE MAIO;2022;1;1.1619;0;2;-0.7987;0.7746;1.5;4
TRES DE MAIO;2023;1;1.1619;0;2;-0.7987;0.7746;1.5;4
TRES DE MAIO;2024;0;1.1619;0;1;-0.7987;0.7746;1.5;4
TRES FORQUILHAS;2022;0;3.873;0;4;0.5175;1.9365;2.0;4
TRES FORQUILHAS;2023;0;3.873;0;3;0.5175;1.9365;2.0;4
TRES FORQUILHAS;2024;0;3.873;0;1;0.5175;1.9365;2.0;4
TRES PALMEIRAS;2022;0;1.1832;0;1;0.6855;0.5916;2.0;4
TRES PALMEIRAS;2023;0;1.1832;0;2;0.6855;0.5916;2.0;4
TRES PALMEIRAS;2024;0;1.1832;0;2;0.6855;0.5916;2.0;4
TRES PASSOS;2022;4;1.9365;3;6;0.9067;1.9365;1.0;4
TRES PASSOS;2023;4;1.9365;2;6;0.9067;1.9365;1.0;4
TRES PASSOS;2024;4;1.9365;2;5;0.9067;1.9365;1.0;4
TRINDADE DO SUL;2022;2;1.1619;1;3;-0.8795;0.7746;1.5;4
TRINDADE DO SUL;2023;3;1.1619;1;4;-0.8795;0.7746;1.5;4
TRINDADE DO SUL;2024;3;1.1619;2;4;-0.8795;0.7746;1.5;4
TRIUNFO;2022;5;4.7434;0;10;0.4726;1.8974;2.5;4
TRIUNFO;2023;7;4.7434;2;11;0.4726;1.8974;2.5;4
TRIUNFO;2024;8;4.7434;3;13;0.4726;1.8974;2.5;4
TUCUNDUVA;2022;1;4.4272;0;5;-0.6272;2.2136;2.0;4
TUCUNDUVA;2023;0;4.4272;0;3;-0.6272;2.2136;2.0;4
TUCUNDUVA;2024;0;4.4272;0;1;-0.6272;2.2136;2.0;4
TUNAS;2022;0;1.4142;0;2;-0.674;0.7071;2.0;4
TUNAS;2023;0;1.4142;0;1;-0.674;0.7071;2.0;4
TUNAS;2024;0;1.4142;0;0;-0.674;0.7071;2.0;4
TUPANCI DO SUL;2022;0;0.5809;0;1;-0.7746;0.3873;1.5;4
TUPANCI DO SUL;2023;1;0.5809;0;1;-0.7746;0.3873;1.5;4
TUPANCI DO SUL;2024;1;0.5809;0;2;-0.7746;0.3873;1.5;4
TUPANCIRETA;2022;2;1.5492;1;4;-0.6909;0.7746;2.0;4
TUPANCIRETA;2023;2;1.5492;0;3;-0.6909;0.7746;2.0;4
TUPANCIRETA;2024;1;1.5492;0;3;-0.6909;0.7746;2.0;4
TUPANDI;2022;1;4.6476;0;5;-0.7303;3.0984;1.5;4
TUPANDI;2023;0;4.6476;0;3;-0.7303;3.0984;1.5;4
TUPANDI;2024;0;4.6476;0;1;-0.7303;3.0984;1.5;4
TUPARENDI;2022;1;3.1623;0;4;0.0845;1.2649;2.5;4
TUPARENDI;2023;0;3.1623;0;4;0.0845;1.2649;2.5;4
TUPARENDI;2024;0;3.1623;0;3;0.0845;1.2649;2.5;4
TURUCU;2022;0;0.9682;0;1;-0.3086;0.3873;2.5;4
TURUCU;2023;0;0.9682;0;1;-0.3086;0.3873;2.5;4
TURUCU;2024;0;0.9682;0;0;-0.3086;0.3873;2.5;4
UBIRETAMA;2022;1;2.3238;0;3;-0.5171;1.1619;2.0;4
UBIRETAMA;2023;1;2.3238;0;3;-0.5171;1.1619;2.0;4
UBIRETAMA;2024;0;2.3238;0;3;-0.5171;1.1619;2.0;4
UNIAO DA SERRA;2022;0;0.0;0;0;;0.0;2.5;4
UNIAO DA SERRA;2023;0;0.0;0;0;;0.0;2.5;4
UNIAO DA SERRA;2024;0;0.0;0;0;;0.0;2.5;4
UNISTALDA;2022;0;0.5345;0;1;-0.9449;0.5345;1.0;3
UNISTALDA;2023;1;0.5345;0;1;-0.9449;0.5345;1.0;3
UNISTALDA;2024;1;0.5345;0;2;-0.9449;0.5345;1.0;3
URUGUAIANA;2022;46;63.1145;0;109;0.4298;25.2458;2.5;4
URUGUAIANA;2023;53;63.1145;0;116;0.4298;25.2458;2.5;4
URUGUAIANA;2024;60;63.1145;0;123;0.4298;25.2458;2.5;4
VACARIA;2022;26;10.8789;15;37;-0.9149;10.8789;1.0;4
VACARIA;2023;24;10.8789;13;35;-0.9149;10.8789;1.0;4
VACARIA;2024;22;10.8789;11;33;-0.9149;10.8789;1.0;4
VALE DO SOL;2022;0;0.9682;0;1;-0.3779;0.3873;2.5;4
VALE DO SOL;2023;1;0.9682;0;2;-0.3779;0.3873;2.5;4
VALE DO SOL;2024;1;0.9682;0;2;-0.3779;0.3873;2.5;4
VALE REAL;2022;2;15.8804;0;18;-0.0448;6.3522;2.5;4
VALE REAL;2023;0;15.8804;0;14;-0.0448;6.3522;2.5;4
VALE REAL;2024;0;15.8804;0;10;-0.0448;6.3522;2.5;4
VALE VERDE;2022;0;0.0;0;0;;0.0;2.5;4
VALE VERDE;2023;0;0.0;0;0;;0.0;2.5;4
VALE VERDE;2024;0;0.0;0;0;;0.0;2.5;4
VANINI;2022;1;1.1619;0;2;1.0;1.1619;1.0;4
VANINI;2023;1;1.1619;0;2;1.0;1.1619;1.0;4
VANINI;2024;0;1.1619;0;2;1.0;1.1619;1.0;4
VENANCIO AIRES;2022;11;5.8095;5;16;0.4907;2.3238;2.5;4
VENANCIO AIRES;2023;15;5.8095;9;21;0.4907;2.3238;2.5;4
VENANCIO AIRES;2024;19;5.8095;13;25;0.4907;2.3238;2.5;4
VERA CRUZ;2022;2;3.6606;0;6;0.9505;3.6606;1.0;4
VERA CRUZ;2023;2;3.6606;0;6;0.9505;3.6606;1.0;4
VERA CRUZ;2024;2;3.6606;0;6;0.9505;3.6606;1.0;4
VERANOPOLIS;2022;8;2.3717;5;10;-0.8196;1.5811;1.5;4
VERANOPOLIS;2023;4;2.3717;2;7;-0.8196;1.5811;1.5;4
VERANOPOLIS;2024;2;2.3717;0;4;-0.8196;1.5811;1.5;4
VESPASIANO CORREA;2022;0;2.9047;0;3;0.0;1.1619;2.5;4
VESPASIANO CORREA;2023;0;2.9047;0;2;0.0;1.1619;2.5;4
VESPASIANO CORREA;2024;0;2.9047;0;1;0.0;1.1619;2.5;4
VIADUTOS;2022;0;0.9682;0;1;-0.1391;0.3873;2.5;4
VIADUTOS;2023;0;0.9682;0;1;-0.1391;0.3873;2.5;4
VIADUTOS;2024;0;0.9682;0;0;-0.1391;0.3873;2.5;4
VIAMAO;2022;50;42.2256;8;93;0.5089;21.1128;2.0;4
VIAMAO;2023;53;42.2256;11;95;0.5089;21.1128;2.0;4
VIAMAO;2024;56;42.2256;13;98;0.5089;21.1128;2.0;4
VICENTE DUTRA;2022;1;0.7906;0;1;0.0;0.3162;2.5;4
VICENTE DUTRA;2023;0;0.7906;0;1;0.0;0.3162;2.5;4
VICENTE DUTRA;2024;0;0.7906;0;0;0.0;0.3162;2.5;4
VICTOR GRAEFF;2022;8;73.5867;0;81;0.3333;29.4347;2.5;4
VICTOR GRAEFF;2023;0;73.5867;0;58;0.3333;29.4347;2.5;4
VICTOR GRAEFF;2024;0;73.5867;0;36;0.3333;29.4347;2.5;4
VILA FLORES;2022;0;0.5809;0;1;-0.7001;0.3873;1.5;4
VILA FLORES;2023;0;0.5809;0;0;-0.7001;0.3873;1.5;4
VILA FLORES;2024;0;0.5809;0;0;-0.7001;0.3873;1.5;4
VILA LANGARO;2022;0;1.2247;0;1;-0.9449;1.2247;1.0;3
VILA LANGARO;2023;0;1.2247;0;0;-0.9449;1.2247;1.0;3
VILA MARIA;2022;0;4.8412;0;5;-0.454;1.9365;2.5;4
VILA MARIA;2023;0;4.8412;0;4;-0.454;1.9365;2.5;4
VILA MARIA;2024;0;4.8412;0;2;-0.454;1.9365;2.5;4
VILA NOVA DO SUL;2022;0;0.0;0;0;;0.0;2.5;4
VILA NOVA DO SUL;2023;0;0.0;0;0;;0.0;2.5;4
VILA NOVA DO SUL;2024;0;0.0;0;0;;0.0;2.5;4
VISTA ALEGRE;2022;1;0.3162;0;1;-0.9733;0.3162;1.0;4
VISTA ALEGRE;2023;1;0.3162;1;1;-0.9733;0.3162;1.0;4
VISTA ALEGRE;2024;2;0.3162;1;2;-0.9733;0.3162;1.0;4
VISTA ALEGRE DO PRATA;2022;0;0.6124;0;0;-0.866;0.4082;1.5;3
VISTA ALEGRE DO PRATA;2023;0;0.6124;0;0;-0.866;0.4082;1.5;3
VISTA GAUCHA;2022;0;1.7678;0;2;0.0747;0.7071;2.5;4
VISTA GAUCHA;2023;0;1.7678;0;2;0.0747;0.7071;2.5;4
VISTA GAUCHA;2024;1;1.7678;0;2;0.0747;0.7071;2.5;4
VITORIA DAS MISSOES;2022;1;1.5811;0;2;0.3319;0.6325;2.5;4
VITORIA DAS MISSOES;2023;1;1.5811;0;2;0.3319;0.6325;2.5;4
VITORIA DAS MISSOES;2024;1;1.5811;0;3;0.3319;0.6325;2.5;4
WESTFALIA;2022;0;0.0;0;0;;0.0;2.5;4
WESTFALIA;2023;0;0.0;0;0;;0.0;2.5;4
WESTFALIA;2024;0;0.0;0;0;;0.0;2.5;4
XANGRI-LA;2022;6;6.0187;0;12;0.8213;4.0125;1.5;4
XANGRI-LA;2023;9;6.0187;3;15;0.8213;4.0125;1.5;4
XANGRI-LA;2024;12;6.0187;5;18;0.8213;4.0125;1.5;4
